775,110,1,1
776,110,1,1
777,110,1,1
778,110,1,1
779,110,1,1
780,110,1,1
781,110,1,1
782,110,1,1
783,110,1,1
784,110,1,1
785,110,1,1
786,110,1,1
787,110,1,1
788,110,1,1
789,110,1,1
790,110,1,1
791,110,1,1
792,110,1,1
793,110,1,1
794,110,1,1
795,110,1,1
796,110,1,1
797,110,1,1
798,110,1,1
799,110,1,1
800,110,1,1
801,110,1,1
802,110,1,1
803,110,1,1
804,110,1,1
805,110,1,1
806,110,1,1
807,110,1,1
808,110,1,1
809,110,1,1
810,110,1,1
811,110,1,1
812,110,1,1
813,110,1,1
814,110,1,1
815,110,1,1
816,110,1,1
817,110,1,1
818,110,1,1
819,110,1,1
820,110,1,1
821,110,1,1
822,110,1,1
823,110,1,1
824,110,1,1
825,110,1,1
826,110,1,1
827,110,1,1
828,110,1,1
829,110,1,1
830,110,1,1
831,110,1,1
832,110,1,1
833,110,1,1
834,110,1,1
774,111,1,1
775,111,1,1
836,111,1,1
774,112,1,1
774,113,1,1
774,114,1,1
774,115,1,1
774,116,1,1
774,117,1,1
774,118,1,1
774,119,1,1
774,120,1,1
774,121,1,1
774,122,1,1
774,123,1,1
774,124,1,1
774,125,1,1
774,126,1,1
774,127,1,1
774,128,1,1
774,129,1,1
774,130,1,1
774,131,1,1
774,132,1,1
774,133,1,1
774,134,1,1
774,135,1,1
774,136,1,1
624,137,1,1
625,137,1,1
626,137,1,1
627,137,1,1
628,137,1,1
629,137,1,1
630,137,1,1
631,137,1,1
632,137,1,1
633,137,1,1
634,137,1,1
635,137,1,1
636,137,1,1
637,137,1,1
638,137,1,1
639,137,1,1
640,137,1,1
641,137,1,1
642,137,1,1
643,137,1,1
644,137,1,1
645,137,1,1
646,137,1,1
647,137,1,1
648,137,1,1
649,137,1,1
650,137,1,1
651,137,1,1
652,137,1,1
653,137,1,1
654,137,1,1
655,137,1,1
656,137,1,1
657,137,1,1
658,137,1,1
659,137,1,1
660,137,1,1
661,137,1,1
662,137,1,1
663,137,1,1
664,137,1,1
665,137,1,1
666,137,1,1
667,137,1,1
668,137,1,1
669,137,1,1
670,137,1,1
671,137,1,1
672,137,1,1
673,137,1,1
674,137,1,1
675,137,1,1
676,137,1,1
677,137,1,1
678,137,1,1
679,137,1,1
681,137,1,1
682,137,1,1
683,137,1,1
684,137,1,1
774,137,1,1
623,138,1,1
624,138,1,1
685,138,1,1
774,138,1,1
622,139,1,1
623,139,1,1
774,139,1,1
426,140,1,1
427,140,1,1
428,140,1,1
430,140,1,1
431,140,1,1
432,140,1,1
433,140,1,1
434,140,1,1
435,140,1,1
436,140,1,1
437,140,1,1
438,140,1,1
439,140,1,1
440,140,1,1
441,140,1,1
442,140,1,1
443,140,1,1
444,140,1,1
445,140,1,1
446,140,1,1
447,140,1,1
448,140,1,1
449,140,1,1
450,140,1,1
451,140,1,1
452,140,1,1
453,140,1,1
454,140,1,1
455,140,1,1
456,140,1,1
457,140,1,1
458,140,1,1
459,140,1,1
460,140,1,1
461,140,1,1
462,140,1,1
463,140,1,1
464,140,1,1
465,140,1,1
466,140,1,1
467,140,1,1
468,140,1,1
469,140,1,1
470,140,1,1
471,140,1,1
472,140,1,1
473,140,1,1
622,140,1,1
774,140,1,1
426,141,1,1
427,141,1,1
474,141,1,1
622,141,1,1
774,141,1,1
426,142,1,1
774,142,1,1
426,143,1,1
623,143,1,1
774,143,1,1
426,144,1,1
623,144,1,1
774,144,1,1
426,145,1,1
623,145,1,1
774,145,1,1
426,146,1,1
506,146,1,1
507,146,1,1
508,146,1,1
509,146,1,1
510,146,1,1
511,146,1,1
512,146,1,1
513,146,1,1
514,146,1,1
515,146,1,1
516,146,1,1
517,146,1,1
518,146,1,1
519,146,1,1
520,146,1,1
521,146,1,1
623,146,1,1
774,146,1,1
426,147,1,1
506,147,1,1
507,147,1,1
623,147,1,1
774,147,1,1
426,148,1,1
506,148,1,1
524,148,1,1
525,148,1,1
526,148,1,1
527,148,1,1
528,148,1,1
529,148,1,1
530,148,1,1
531,148,1,1
532,148,1,1
533,148,1,1
534,148,1,1
535,148,1,1
536,148,1,1
622,148,1,1
774,148,1,1
426,149,1,1
506,149,1,1
538,149,1,1
539,149,1,1
622,149,1,1
774,149,1,1
775,149,1,1
426,150,1,1
506,150,1,1
541,150,1,1
542,150,1,1
543,150,1,1
622,150,1,1
394,151,1,1
395,151,1,1
426,151,1,1
506,151,1,1
543,151,1,1
622,151,1,1
391,152,1,1
392,152,1,1
393,152,1,1
395,152,1,1
426,152,1,1
506,152,1,1
622,152,1,1
384,153,1,1
385,153,1,1
386,153,1,1
387,153,1,1
388,153,1,1
389,153,1,1
390,153,1,1
426,153,1,1
506,153,1,1
622,153,1,1
380,154,1,1
381,154,1,1
382,154,1,1
383,154,1,1
426,154,1,1
506,154,1,1
622,154,1,1
376,155,1,1
377,155,1,1
378,155,1,1
379,155,1,1
426,155,1,1
506,155,1,1
622,155,1,1
370,156,1,1
371,156,1,1
372,156,1,1
373,156,1,1
374,156,1,1
375,156,1,1
426,156,1,1
506,156,1,1
622,156,1,1
369,157,1,1
370,157,1,1
426,157,1,1
506,157,1,1
622,157,1,1
358,158,1,1
359,158,1,1
360,158,1,1
361,158,1,1
362,158,1,1
363,158,1,1
364,158,1,1
365,158,1,1
366,158,1,1
367,158,1,1
368,158,1,1
426,158,1,1
506,158,1,1
622,158,1,1
358,159,1,1
426,159,1,1
506,159,1,1
622,159,1,1
348,160,1,1
349,160,1,1
350,160,1,1
351,160,1,1
352,160,1,1
353,160,1,1
354,160,1,1
355,160,1,1
356,160,1,1
426,160,1,1
506,160,1,1
622,160,1,1
348,161,1,1
349,161,1,1
426,161,1,1
506,161,1,1
622,161,1,1
348,162,1,1
426,162,1,1
506,162,1,1
622,162,1,1
348,163,1,1
399,163,1,1
426,163,1,1
427,163,1,1
474,163,1,1
506,163,1,1
622,163,1,1
348,164,1,1
399,164,1,1
505,164,1,1
622,164,1,1
348,165,1,1
505,165,1,1
622,165,1,1
506,166,1,1
622,166,1,1
349,167,1,1
622,167,1,1
622,168,1,1
350,169,1,1
622,169,1,1
350,170,1,1
622,170,1,1
350,171,1,1
622,171,1,1
350,172,1,1
622,172,1,1
350,173,1,1
622,173,1,1
622,174,1,1
351,175,1,1
399,175,1,1
622,175,1,1
623,175,1,1
351,176,1,1
351,177,1,1
351,178,1,1
351,179,1,1
352,181,1,1
352,182,1,1
353,183,1,1
866,191,1,1
867,191,1,1
868,191,1,1
869,191,1,1
870,191,1,1
871,191,1,1
872,191,1,1
873,191,1,1
874,191,1,1
875,191,1,1
876,191,1,1
877,191,1,1
878,191,1,1
879,191,1,1
880,191,1,1
881,191,1,1
882,191,1,1
883,191,1,1
884,191,1,1
885,191,1,1
886,191,1,1
887,191,1,1
888,191,1,1
889,191,1,1
890,191,1,1
891,191,1,1
892,191,1,1
893,191,1,1
894,191,1,1
895,191,1,1
896,191,1,1
897,191,1,1
898,191,1,1
899,191,1,1
900,191,1,1
901,191,1,1
902,191,1,1
903,191,1,1
904,191,1,1
905,191,1,1
906,191,1,1
907,191,1,1
908,191,1,1
909,191,1,1
910,191,1,1
911,191,1,1
912,191,1,1
913,191,1,1
914,191,1,1
915,191,1,1
916,191,1,1
917,191,1,1
918,191,1,1
919,191,1,1
920,191,1,1
921,191,1,1
922,191,1,1
923,191,1,1
924,191,1,1
925,191,1,1
926,191,1,1
927,191,1,1
928,191,1,1
929,191,1,1
930,191,1,1
931,191,1,1
932,191,1,1
933,191,1,1
866,192,1,1
867,192,1,1
935,192,1,1
866,193,1,1
866,194,1,1
866,195,1,1
866,196,1,1
866,197,1,1
866,198,1,1
866,199,1,1
866,200,1,1
866,201,1,1
866,202,1,1
866,203,1,1
866,204,1,1
866,205,1,1
866,206,1,1
866,207,1,1
866,208,1,1
866,209,1,1
866,210,1,1
866,211,1,1
866,212,1,1
866,213,1,1
866,214,1,1
866,215,1,1
866,216,1,1
866,217,1,1
866,218,1,1
866,219,1,1
866,220,1,1
866,221,1,1
866,222,1,1
866,223,1,1
14,224,1,1
15,224,1,1
16,224,1,1
17,224,1,1
18,224,1,1
19,224,1,1
20,224,1,1
21,224,1,1
22,224,1,1
23,224,1,1
24,224,1,1
25,224,1,1
26,224,1,1
27,224,1,1
28,224,1,1
29,224,1,1
30,224,1,1
31,224,1,1
32,224,1,1
33,224,1,1
34,224,1,1
35,224,1,1
36,224,1,1
37,224,1,1
38,224,1,1
39,224,1,1
40,224,1,1
41,224,1,1
42,224,1,1
43,224,1,1
44,224,1,1
45,224,1,1
46,224,1,1
47,224,1,1
48,224,1,1
49,224,1,1
50,224,1,1
51,224,1,1
52,224,1,1
53,224,1,1
54,224,1,1
55,224,1,1
56,224,1,1
57,224,1,1
58,224,1,1
59,224,1,1
60,224,1,1
61,224,1,1
62,224,1,1
63,224,1,1
64,224,1,1
65,224,1,1
66,224,1,1
67,224,1,1
866,224,1,1
14,225,1,1
15,225,1,1
67,225,1,1
866,225,1,1
14,226,1,1
866,226,1,1
14,227,1,1
866,227,1,1
14,228,1,1
866,228,1,1
14,229,1,1
866,229,1,1
14,230,1,1
866,230,1,1
14,231,1,1
866,231,1,1
867,231,1,1
14,232,1,1
14,233,1,1
14,234,1,1
14,235,1,1
14,236,1,1
14,237,1,1
14,238,1,1
14,239,1,1
14,240,1,1
14,241,1,1
14,242,1,1
14,243,1,1
14,244,1,1
14,245,1,1
14,246,1,1
14,247,1,1
14,248,1,1
14,249,1,1
14,250,1,1
14,251,1,1
14,252,1,1
14,253,1,1
14,254,1,1
14,255,1,1
14,256,1,1
251,256,1,1
252,256,1,1
253,256,1,1
254,256,1,1
255,256,1,1
256,256,1,1
257,256,1,1
14,257,1,1
243,257,1,1
244,257,1,1
245,257,1,1
246,257,1,1
247,257,1,1
248,257,1,1
249,257,1,1
250,257,1,1
258,257,1,1
14,258,1,1
238,258,1,1
239,258,1,1
240,258,1,1
241,258,1,1
242,258,1,1
14,259,1,1
228,259,1,1
229,259,1,1
232,259,1,1
233,259,1,1
234,259,1,1
235,259,1,1
236,259,1,1
237,259,1,1
14,260,1,1
15,260,1,1
224,260,1,1
225,260,1,1
226,260,1,1
227,260,1,1
67,261,1,1
216,261,1,1
217,261,1,1
218,261,1,1
219,261,1,1
220,261,1,1
221,261,1,1
222,261,1,1
223,261,1,1
207,262,1,1
208,262,1,1
209,262,1,1
210,262,1,1
211,262,1,1
212,262,1,1
213,262,1,1
214,262,1,1
215,262,1,1
205,263,1,1
206,263,1,1
205,264,1,1
205,265,1,1
205,266,1,1
810,266,1,1
811,266,1,1
812,266,1,1
813,266,1,1
814,266,1,1
815,266,1,1
205,267,1,1
810,267,1,1
815,267,1,1
205,268,1,1
808,268,1,1
809,268,1,1
205,269,1,1
808,269,1,1
205,270,1,1
807,270,1,1
205,271,1,1
804,271,1,1
806,271,1,1
802,272,1,1
803,272,1,1
804,272,1,1
206,273,1,1
798,273,1,1
799,273,1,1
800,273,1,1
801,273,1,1
206,274,1,1
796,274,1,1
797,274,1,1
206,275,1,1
793,275,1,1
794,275,1,1
795,275,1,1
790,276,1,1
791,276,1,1
792,276,1,1
207,277,1,1
788,277,1,1
789,277,1,1
207,278,1,1
783,278,1,1
784,278,1,1
785,278,1,1
786,278,1,1
787,278,1,1
207,279,1,1
261,279,1,1
783,279,1,1
207,280,1,1
768,280,1,1
769,280,1,1
770,280,1,1
771,280,1,1
772,280,1,1
773,280,1,1
774,280,1,1
775,280,1,1
776,280,1,1
777,280,1,1
778,280,1,1
779,280,1,1
780,280,1,1
781,280,1,1
207,281,1,1
768,281,1,1
815,281,1,1
207,282,1,1
750,282,1,1
751,282,1,1
752,282,1,1
753,282,1,1
754,282,1,1
755,282,1,1
756,282,1,1
757,282,1,1
758,282,1,1
759,282,1,1
760,282,1,1
761,282,1,1
762,282,1,1
763,282,1,1
764,282,1,1
765,282,1,1
766,282,1,1
207,283,1,1
746,283,1,1
747,283,1,1
748,283,1,1
749,283,1,1
745,284,1,1
746,284,1,1
208,285,1,1
744,285,1,1
745,285,1,1
208,286,1,1
209,286,1,1
744,286,1,1
745,287,1,1
746,289,1,1
746,290,1,1
746,291,1,1
746,292,1,1
809,292,1,1
816,292,1,1
817,292,1,1
818,292,1,1
819,292,1,1
820,292,1,1
821,292,1,1
822,292,1,1
823,292,1,1
824,292,1,1
825,292,1,1
826,292,1,1
827,292,1,1
828,292,1,1
829,292,1,1
830,292,1,1
831,292,1,1
832,292,1,1
833,292,1,1
834,292,1,1
835,292,1,1
836,292,1,1
837,292,1,1
838,292,1,1
839,292,1,1
746,293,1,1
816,293,1,1
839,293,1,1
746,294,1,1
812,294,1,1
813,294,1,1
814,294,1,1
746,295,1,1
746,296,1,1
746,297,1,1
745,298,1,1
738,299,1,1
739,299,1,1
741,299,1,1
742,299,1,1
743,299,1,1
744,299,1,1
736,300,1,1
737,300,1,1
736,301,1,1
734,302,1,1
735,302,1,1
734,303,1,1
725,304,1,1
726,304,1,1
727,304,1,1
728,304,1,1
729,304,1,1
730,304,1,1
731,304,1,1
732,304,1,1
725,305,1,1
726,305,1,1
725,306,1,1
725,307,1,1
725,308,1,1
725,309,1,1
839,309,1,1
725,310,1,1
151,311,1,1
725,311,1,1
151,312,1,1
152,312,1,1
153,312,1,1
154,312,1,1
725,312,1,1
150,313,1,1
151,313,1,1
156,313,1,1
157,313,1,1
725,313,1,1
150,314,1,1
159,314,1,1
725,314,1,1
148,315,1,1
149,315,1,1
161,315,1,1
725,315,1,1
148,316,1,1
163,316,1,1
725,316,1,1
148,317,1,1
164,317,1,1
725,317,1,1
148,318,1,1
166,318,1,1
167,318,1,1
168,318,1,1
725,318,1,1
725,319,1,1
814,319,1,1
146,320,1,1
147,320,1,1
171,320,1,1
172,320,1,1
173,320,1,1
725,320,1,1
814,320,1,1
146,321,1,1
173,321,1,1
725,321,1,1
814,321,1,1
146,322,1,1
784,322,1,1
814,322,1,1
726,323,1,1
754,323,1,1
784,323,1,1
814,323,1,1
144,324,1,1
145,324,1,1
726,324,1,1
784,324,1,1
814,324,1,1
144,325,1,1
726,325,1,1
755,325,1,1
784,325,1,1
814,325,1,1
144,326,1,1
726,326,1,1
755,326,1,1
784,326,1,1
814,326,1,1
144,327,1,1
726,327,1,1
755,327,1,1
785,327,1,1
814,327,1,1
143,328,1,1
726,328,1,1
755,328,1,1
143,329,1,1
726,329,1,1
755,329,1,1
786,329,1,1
816,329,1,1
142,330,1,1
755,330,1,1
786,330,1,1
142,331,1,1
727,331,1,1
786,331,1,1
817,331,1,1
141,332,1,1
727,332,1,1
756,332,1,1
786,332,1,1
817,332,1,1
141,333,1,1
727,333,1,1
756,333,1,1
786,333,1,1
801,333,1,1
817,333,1,1
140,334,1,1
727,334,1,1
756,334,1,1
786,334,1,1
817,334,1,1
140,335,1,1
727,335,1,1
756,335,1,1
771,335,1,1
786,335,1,1
817,335,1,1
139,336,1,1
727,336,1,1
756,336,1,1
786,336,1,1
787,336,1,1
817,336,1,1
139,337,1,1
727,337,1,1
756,337,1,1
817,337,1,1
139,338,1,1
727,338,1,1
817,338,1,1
138,339,1,1
727,339,1,1
758,339,1,1
759,339,1,1
138,340,1,1
818,340,1,1
137,341,1,1
727,341,1,1
818,341,1,1
136,342,1,1
137,342,1,1
728,342,1,1
729,342,1,1
818,342,1,1
831,342,1,1
136,343,1,1
819,343,1,1
136,344,1,1
134,346,1,1
135,346,1,1
134,347,1,1
134,348,1,1
132,350,1,1
133,350,1,1
132,351,1,1
132,352,1,1
132,353,1,1
132,354,1,1
130,356,1,1
131,356,1,1
130,357,1,1
130,358,1,1
130,359,1,1
130,360,1,1
130,361,1,1
131,361,1,1
134,363,1,1
141,366,1,1
144,412,1,1
145,412,1,1
146,412,1,1
147,412,1,1
148,412,1,1
149,412,1,1
144,413,1,1
149,413,1,1
134,414,1,1
135,414,1,1
136,414,1,1
137,414,1,1
138,414,1,1
139,414,1,1
140,414,1,1
141,414,1,1
142,414,1,1
1264,414,1,1
1265,414,1,1
1266,414,1,1
1267,414,1,1
1268,414,1,1
1269,414,1,1
132,415,1,1
133,415,1,1
1264,415,1,1
1265,415,1,1
127,416,1,1
128,416,1,1
129,416,1,1
130,416,1,1
131,416,1,1
1264,416,1,1
1271,416,1,1
1278,416,1,1
1294,416,1,1
1295,416,1,1
126,417,1,1
127,417,1,1
1264,417,1,1
1273,417,1,1
1274,417,1,1
1275,417,1,1
1276,417,1,1
1277,417,1,1
1278,417,1,1
1279,417,1,1
1280,417,1,1
1281,417,1,1
1282,417,1,1
1283,417,1,1
1284,417,1,1
1285,417,1,1
1286,417,1,1
1287,417,1,1
1288,417,1,1
1289,417,1,1
1290,417,1,1
1291,417,1,1
1292,417,1,1
1293,417,1,1
1297,417,1,1
125,418,1,1
126,418,1,1
1264,418,1,1
125,419,1,1
1264,419,1,1
125,420,1,1
1264,420,1,1
125,421,1,1
1264,421,1,1
125,422,1,1
1264,422,1,1
125,423,1,1
1264,423,1,1
125,424,1,1
1264,424,1,1
125,425,1,1
1264,425,1,1
125,426,1,1
1264,426,1,1
125,427,1,1
1264,427,1,1
125,428,1,1
1264,428,1,1
125,429,1,1
1264,429,1,1
125,430,1,1
1264,430,1,1
125,431,1,1
1264,431,1,1
125,432,1,1
1264,432,1,1
125,433,1,1
1264,433,1,1
124,434,1,1
1264,434,1,1
124,435,1,1
1264,435,1,1
124,436,1,1
1264,436,1,1
124,437,1,1
1264,437,1,1
124,438,1,1
1264,438,1,1
124,439,1,1
1264,439,1,1
123,440,1,1
1264,440,1,1
123,441,1,1
1264,441,1,1
123,442,1,1
1264,442,1,1
123,443,1,1
1264,443,1,1
122,444,1,1
1264,444,1,1
122,445,1,1
1264,445,1,1
1584,445,1,1
122,446,1,1
1264,446,1,1
1583,446,1,1
1595,446,1,1
1607,446,1,1
1608,446,1,1
1683,446,1,1
1697,446,1,1
1709,446,1,1
122,447,1,1
1264,447,1,1
1582,447,1,1
1594,447,1,1
1683,447,1,1
1694,447,1,1
1695,447,1,1
1264,448,1,1
1582,448,1,1
1593,448,1,1
1594,448,1,1
1669,448,1,1
1683,448,1,1
1694,448,1,1
1695,448,1,1
120,449,1,1
121,449,1,1
1264,449,1,1
1668,449,1,1
1669,449,1,1
1680,449,1,1
1681,449,1,1
120,450,1,1
1264,450,1,1
1579,450,1,1
1580,450,1,1
1591,450,1,1
1592,450,1,1
1654,450,1,1
1666,450,1,1
1667,450,1,1
1680,450,1,1
1681,450,1,1
1692,450,1,1
1693,450,1,1
1718,450,1,1
1719,450,1,1
120,451,1,1
1264,451,1,1
1592,451,1,1
1666,451,1,1
1667,451,1,1
1692,451,1,1
1693,451,1,1
120,452,1,1
1264,452,1,1
1589,452,1,1
1600,452,1,1
1614,452,1,1
1615,452,1,1
1678,452,1,1
1679,452,1,1
1690,452,1,1
1691,452,1,1
1716,452,1,1
120,453,1,1
1264,453,1,1
1265,453,1,1
1269,453,1,1
1577,453,1,1
1589,453,1,1
1600,453,1,1
1601,453,1,1
1678,453,1,1
1679,453,1,1
1690,453,1,1
1691,453,1,1
1716,453,1,1
120,454,1,1
1113,454,1,1
1114,454,1,1
1115,454,1,1
1116,454,1,1
1117,454,1,1
1118,454,1,1
1119,454,1,1
1120,454,1,1
1121,454,1,1
1122,454,1,1
1123,454,1,1
1124,454,1,1
1125,454,1,1
1126,454,1,1
1127,454,1,1
1128,454,1,1
1129,454,1,1
1130,454,1,1
1131,454,1,1
1132,454,1,1
1133,454,1,1
1134,454,1,1
1135,454,1,1
1136,454,1,1
1137,454,1,1
1138,454,1,1
1139,454,1,1
1140,454,1,1
1141,454,1,1
1142,454,1,1
1143,454,1,1
1144,454,1,1
1145,454,1,1
1146,454,1,1
1147,454,1,1
1148,454,1,1
1149,454,1,1
1150,454,1,1
1151,454,1,1
1152,454,1,1
1153,454,1,1
1154,454,1,1
1155,454,1,1
1156,454,1,1
1362,454,1,1
1363,454,1,1
1364,454,1,1
1365,454,1,1
1366,454,1,1
1367,454,1,1
1368,454,1,1
1369,454,1,1
1370,454,1,1
1371,454,1,1
1372,454,1,1
1373,454,1,1
1374,454,1,1
1375,454,1,1
1376,454,1,1
1377,454,1,1
1378,454,1,1
1379,454,1,1
1380,454,1,1
1381,454,1,1
1382,454,1,1
1383,454,1,1
1384,454,1,1
1385,454,1,1
1386,454,1,1
1387,454,1,1
1388,454,1,1
1389,454,1,1
1390,454,1,1
1391,454,1,1
1392,454,1,1
1393,454,1,1
1394,454,1,1
1395,454,1,1
1396,454,1,1
1397,454,1,1
1398,454,1,1
1399,454,1,1
1400,454,1,1
1401,454,1,1
1402,454,1,1
1403,454,1,1
1404,454,1,1
1405,454,1,1
1406,454,1,1
1575,454,1,1
1586,454,1,1
1587,454,1,1
1598,454,1,1
1599,454,1,1
1675,454,1,1
1676,454,1,1
1687,454,1,1
1688,454,1,1
1713,454,1,1
1714,454,1,1
1113,455,1,1
1114,455,1,1
1157,455,1,1
1362,455,1,1
1363,455,1,1
1406,455,1,1
1561,455,1,1
1575,455,1,1
1586,455,1,1
1587,455,1,1
1598,455,1,1
1599,455,1,1
1600,455,1,1
1601,455,1,1
1675,455,1,1
1676,455,1,1
1687,455,1,1
1688,455,1,1
1713,455,1,1
1714,455,1,1
118,456,1,1
119,456,1,1
1113,456,1,1
1362,456,1,1
118,457,1,1
1113,457,1,1
1362,457,1,1
1584,457,1,1
1711,457,1,1
118,458,1,1
1113,458,1,1
1362,458,1,1
1584,458,1,1
1585,458,1,1
118,459,1,1
1113,459,1,1
1362,459,1,1
118,460,1,1
1113,460,1,1
1362,460,1,1
1720,460,1,1
1113,461,1,1
1362,461,1,1
116,462,1,1
117,462,1,1
1113,462,1,1
1362,462,1,1
116,463,1,1
1113,463,1,1
1157,463,1,1
1362,463,1,1
116,464,1,1
1113,464,1,1
1362,464,1,1
1716,464,1,1
115,465,1,1
1113,465,1,1
1362,465,1,1
114,466,1,1
115,466,1,1
1113,466,1,1
1362,466,1,1
1563,466,1,1
114,467,1,1
1113,467,1,1
1362,467,1,1
1563,467,1,1
113,468,1,1
114,468,1,1
1113,468,1,1
1362,468,1,1
1113,469,1,1
1145,469,1,1
1363,469,1,1
113,470,1,1
1113,470,1,1
112,471,1,1
1113,471,1,1
111,472,1,1
112,472,1,1
1113,472,1,1
111,473,1,1
1113,473,1,1
110,474,1,1
1113,474,1,1
110,475,1,1
1113,475,1,1
108,476,1,1
109,476,1,1
1113,476,1,1
108,477,1,1
1113,477,1,1
108,478,1,1
1113,478,1,1
1113,479,1,1
106,480,1,1
107,480,1,1
106,481,1,1
107,481,1,1
1113,482,1,1
108,483,1,1
1113,483,1,1
1114,483,1,1
1115,483,1,1
1114,484,1,1
1114,485,1,1
1720,485,1,1
1721,485,1,1
1720,486,1,1
1721,486,1,1
1718,487,1,1
1719,487,1,1
114,488,1,1
1718,488,1,1
1719,488,1,1
1716,490,1,1
118,491,1,1
1563,491,1,1
1713,492,1,1
1714,492,1,1
120,493,1,1
1713,493,1,1
1714,493,1,1
1711,494,1,1
123,495,1,1
1711,495,1,1
1712,495,1,1
1688,530,1,1
1689,530,1,1
1685,532,1,1
1686,532,1,1
1685,533,1,1
1686,533,1,1
1711,533,1,1
1571,534,1,1
1684,534,1,1
1709,534,1,1
1571,535,1,1
1683,535,1,1
1684,535,1,1
1709,535,1,1
1695,536,1,1
1680,537,1,1
1681,537,1,1
1694,537,1,1
1695,537,1,1
1706,537,1,1
1707,537,1,1
1680,538,1,1
1681,538,1,1
232,539,1,1
233,539,1,1
234,539,1,1
1692,539,1,1
228,540,1,1
229,540,1,1
230,540,1,1
231,540,1,1
234,540,1,1
226,541,1,1
227,541,1,1
1678,541,1,1
1679,541,1,1
1690,541,1,1
222,542,1,1
223,542,1,1
224,542,1,1
225,542,1,1
222,543,1,1
216,544,1,1
217,544,1,1
218,544,1,1
219,544,1,1
220,544,1,1
216,545,1,1
209,546,1,1
210,546,1,1
211,546,1,1
212,546,1,1
213,546,1,1
214,546,1,1
1697,546,1,1
209,547,1,1
1697,547,1,1
204,548,1,1
205,548,1,1
206,548,1,1
207,548,1,1
204,549,1,1
200,550,1,1
201,550,1,1
202,550,1,1
239,550,1,1
198,551,1,1
199,551,1,1
195,552,1,1
196,552,1,1
197,552,1,1
192,553,1,1
193,553,1,1
194,553,1,1
1717,553,1,1
189,554,1,1
190,554,1,1
191,554,1,1
92,555,1,1
93,555,1,1
188,555,1,1
189,555,1,1
90,556,1,1
91,556,1,1
95,556,1,1
96,556,1,1
97,556,1,1
98,556,1,1
99,556,1,1
100,556,1,1
101,556,1,1
102,556,1,1
184,556,1,1
185,556,1,1
186,556,1,1
187,556,1,1
90,557,1,1
104,557,1,1
184,557,1,1
185,557,1,1
90,558,1,1
106,558,1,1
107,558,1,1
108,558,1,1
109,558,1,1
110,558,1,1
111,558,1,1
112,558,1,1
113,558,1,1
114,558,1,1
115,558,1,1
116,558,1,1
117,558,1,1
118,558,1,1
119,558,1,1
184,558,1,1
241,558,1,1
1572,558,1,1
1573,558,1,1
90,559,1,1
184,559,1,1
1572,559,1,1
90,560,1,1
122,560,1,1
123,560,1,1
124,560,1,1
125,560,1,1
126,560,1,1
127,560,1,1
128,560,1,1
129,560,1,1
130,560,1,1
131,560,1,1
132,560,1,1
133,560,1,1
184,560,1,1
1570,560,1,1
1582,560,1,1
90,561,1,1
184,561,1,1
241,561,1,1
1570,561,1,1
1582,561,1,1
90,562,1,1
136,562,1,1
137,562,1,1
138,562,1,1
139,562,1,1
140,562,1,1
141,562,1,1
142,562,1,1
143,562,1,1
90,563,1,1
143,563,1,1
90,564,1,1
186,564,1,1
90,565,1,1
186,565,1,1
90,566,1,1
186,566,1,1
90,567,1,1
186,567,1,1
90,568,1,1
89,569,1,1
89,570,1,1
188,570,1,1
89,571,1,1
188,571,1,1
1560,571,1,1
1561,571,1,1
1572,571,1,1
1573,571,1,1
1598,571,1,1
1599,571,1,1
1610,571,1,1
88,572,1,1
88,573,1,1
189,573,1,1
88,574,1,1
88,575,1,1
190,575,1,1
88,576,1,1
88,577,1,1
191,577,1,1
88,578,1,1
191,578,1,1
192,578,1,1
138,587,1,1
140,587,1,1
1565,602,1,1
1575,605,1,1
1612,605,1,1
1639,605,1,1
1560,608,1,1
1561,608,1,1
1572,608,1,1
1573,608,1,1
894,609,1,1
895,609,1,1
896,609,1,1
897,609,1,1
898,609,1,1
899,609,1,1
900,609,1,1
901,609,1,1
902,609,1,1
903,609,1,1
904,609,1,1
905,609,1,1
906,609,1,1
907,609,1,1
910,609,1,1
911,609,1,1
912,609,1,1
913,609,1,1
914,609,1,1
915,609,1,1
916,609,1,1
917,609,1,1
918,609,1,1
919,609,1,1
920,609,1,1
921,609,1,1
922,609,1,1
923,609,1,1
924,609,1,1
925,609,1,1
926,609,1,1
927,609,1,1
928,609,1,1
929,609,1,1
930,609,1,1
931,609,1,1
932,609,1,1
933,609,1,1
934,609,1,1
935,609,1,1
936,609,1,1
937,609,1,1
938,609,1,1
939,609,1,1
940,609,1,1
941,609,1,1
942,609,1,1
943,609,1,1
944,609,1,1
945,609,1,1
892,610,1,1
893,610,1,1
946,610,1,1
947,610,1,1
970,610,1,1
971,610,1,1
972,610,1,1
973,610,1,1
974,610,1,1
975,610,1,1
976,610,1,1
977,610,1,1
978,610,1,1
979,610,1,1
980,610,1,1
981,610,1,1
982,610,1,1
983,610,1,1
984,610,1,1
985,610,1,1
986,610,1,1
987,610,1,1
988,610,1,1
989,610,1,1
990,610,1,1
991,610,1,1
992,610,1,1
993,610,1,1
994,610,1,1
995,610,1,1
996,610,1,1
997,610,1,1
998,610,1,1
999,610,1,1
1000,610,1,1
1001,610,1,1
1002,610,1,1
1003,610,1,1
1532,610,1,1
1558,610,1,1
1559,610,1,1
1570,610,1,1
1634,610,1,1
891,611,1,1
892,611,1,1
970,611,1,1
971,611,1,1
1003,611,1,1
888,612,1,1
889,612,1,1
890,612,1,1
970,612,1,1
1530,612,1,1
888,613,1,1
970,613,1,1
1530,613,1,1
885,614,1,1
886,614,1,1
947,614,1,1
970,614,1,1
1541,614,1,1
1543,614,1,1
1654,614,1,1
1655,614,1,1
885,615,1,1
947,615,1,1
970,615,1,1
1541,615,1,1
1654,615,1,1
1655,615,1,1
882,616,1,1
883,616,1,1
970,616,1,1
882,617,1,1
970,617,1,1
1652,617,1,1
1653,617,1,1
880,618,1,1
881,618,1,1
970,618,1,1
879,619,1,1
880,619,1,1
970,619,1,1
779,620,1,1
878,620,1,1
970,620,1,1
778,621,1,1
779,621,1,1
780,621,1,1
876,621,1,1
877,621,1,1
970,621,1,1
776,622,1,1
777,622,1,1
875,622,1,1
876,622,1,1
945,622,1,1
970,622,1,1
971,622,1,1
776,623,1,1
874,623,1,1
773,624,1,1
774,624,1,1
783,624,1,1
873,624,1,1
874,624,1,1
772,625,1,1
773,625,1,1
873,625,1,1
991,625,1,1
770,626,1,1
771,626,1,1
785,626,1,1
873,626,1,1
991,626,1,1
1655,626,1,1
770,627,1,1
873,627,1,1
991,627,1,1
1654,627,1,1
1655,627,1,1
767,628,1,1
768,628,1,1
787,628,1,1
991,628,1,1
1652,628,1,1
1653,628,1,1
767,629,1,1
991,629,1,1
1652,629,1,1
1653,629,1,1
765,630,1,1
766,630,1,1
876,630,1,1
991,630,1,1
764,631,1,1
765,631,1,1
877,631,1,1
991,631,1,1
762,632,1,1
763,632,1,1
789,632,1,1
991,632,1,1
760,633,1,1
761,633,1,1
878,633,1,1
991,633,1,1
1535,633,1,1
760,634,1,1
991,634,1,1
760,635,1,1
991,635,1,1
760,636,1,1
792,636,1,1
991,636,1,1
991,637,1,1
991,638,1,1
1530,638,1,1
762,639,1,1
763,639,1,1
991,639,1,1
795,640,1,1
991,640,1,1
1654,640,1,1
1655,640,1,1
765,641,1,1
991,641,1,1
1655,641,1,1
797,642,1,1
991,642,1,1
1435,642,1,1
1436,642,1,1
1437,642,1,1
1438,642,1,1
1439,642,1,1
1440,642,1,1
1441,642,1,1
1442,642,1,1
1443,642,1,1
766,643,1,1
991,643,1,1
1435,643,1,1
1444,643,1,1
767,644,1,1
991,644,1,1
1434,644,1,1
1445,644,1,1
991,645,1,1
1424,645,1,1
1425,645,1,1
1434,645,1,1
768,646,1,1
991,646,1,1
1424,646,1,1
1433,646,1,1
1434,646,1,1
769,647,1,1
991,647,1,1
1434,647,1,1
1648,647,1,1
991,648,1,1
1434,648,1,1
770,649,1,1
991,649,1,1
1434,649,1,1
991,650,1,1
1446,650,1,1
991,651,1,1
1435,651,1,1
772,652,1,1
991,652,1,1
1449,652,1,1
1655,652,1,1
772,653,1,1
991,653,1,1
992,653,1,1
1436,653,1,1
1655,653,1,1
1451,654,1,1
774,655,1,1
998,655,1,1
1451,655,1,1
1438,656,1,1
776,657,1,1
1438,657,1,1
778,658,1,1
1436,659,1,1
1437,659,1,1
1435,660,1,1
1436,660,1,1
1432,661,1,1
1433,661,1,1
1434,661,1,1
1431,662,1,1
1432,662,1,1
1430,663,1,1
1428,664,1,1
1429,664,1,1
1429,665,1,1
1430,665,1,1
1539,666,1,1
1540,666,1,1
1652,666,1,1
1653,666,1,1
1432,667,1,1
1444,667,1,1
1539,667,1,1
1652,667,1,1
1653,667,1,1
1393,668,1,1
1537,668,1,1
1650,668,1,1
1393,669,1,1
1433,669,1,1
1536,669,1,1
1537,669,1,1
1650,669,1,1
1123,670,1,1
1393,670,1,1
1441,670,1,1
1122,671,1,1
1124,671,1,1
1393,671,1,1
1433,671,1,1
1434,671,1,1
1534,671,1,1
1535,671,1,1
1122,672,1,1
1123,672,1,1
1124,672,1,1
1393,672,1,1
1122,673,1,1
1393,673,1,1
1122,674,1,1
1393,674,1,1
1122,675,1,1
1393,675,1,1
1122,676,1,1
1393,676,1,1
1123,677,1,1
1655,678,1,1
1393,679,1,1
1654,679,1,1
1655,679,1,1
1111,682,1,1
1112,682,1,1
1113,682,1,1
1114,682,1,1
1115,682,1,1
1116,682,1,1
1117,682,1,1
1118,682,1,1
1119,682,1,1
1120,682,1,1
1121,682,1,1
1122,682,1,1
1123,682,1,1
1124,682,1,1
1125,682,1,1
1126,682,1,1
1127,682,1,1
1128,682,1,1
1129,682,1,1
1130,682,1,1
1131,682,1,1
1132,682,1,1
1133,682,1,1
1134,682,1,1
1135,682,1,1
1136,682,1,1
1137,682,1,1
1138,682,1,1
1139,682,1,1
1140,682,1,1
1141,682,1,1
1142,682,1,1
1143,682,1,1
1144,682,1,1
1145,682,1,1
1146,682,1,1
1147,682,1,1
1148,682,1,1
1149,682,1,1
1150,682,1,1
1151,682,1,1
1152,682,1,1
1153,682,1,1
1154,682,1,1
1155,682,1,1
1156,682,1,1
1110,683,1,1
1111,683,1,1
993,684,1,1
994,684,1,1
995,684,1,1
1000,684,1,1
1001,684,1,1
1002,684,1,1
1003,684,1,1
1110,684,1,1
992,685,1,1
993,685,1,1
997,685,1,1
998,685,1,1
999,685,1,1
1003,685,1,1
1110,685,1,1
991,686,1,1
992,686,1,1
1110,686,1,1
991,687,1,1
1110,687,1,1
991,688,1,1
1110,688,1,1
991,689,1,1
1110,689,1,1
991,690,1,1
1110,690,1,1
991,691,1,1
1110,691,1,1
991,692,1,1
1110,692,1,1
991,693,1,1
1110,693,1,1
991,694,1,1
1110,694,1,1
991,695,1,1
1110,695,1,1
991,696,1,1
1110,696,1,1
991,697,1,1
1110,697,1,1
991,698,1,1
1110,698,1,1
991,699,1,1
1110,699,1,1
1152,699,1,1
991,700,1,1
1110,700,1,1
991,701,1,1
1110,701,1,1
991,702,1,1
1110,702,1,1
991,703,1,1
1110,703,1,1
944,704,1,1
945,704,1,1
946,704,1,1
947,704,1,1
991,704,1,1
1110,704,1,1
944,705,1,1
991,705,1,1
1110,705,1,1
942,706,1,1
943,706,1,1
949,706,1,1
991,706,1,1
1110,706,1,1
942,707,1,1
991,707,1,1
1110,707,1,1
941,708,1,1
952,708,1,1
991,708,1,1
1110,708,1,1
941,709,1,1
991,709,1,1
1110,709,1,1
940,710,1,1
954,710,1,1
991,710,1,1
1110,710,1,1
1532,710,1,1
1533,710,1,1
939,711,1,1
940,711,1,1
955,711,1,1
991,711,1,1
1110,711,1,1
1132,711,1,1
939,712,1,1
957,712,1,1
991,712,1,1
1110,712,1,1
1245,712,1,1
1246,712,1,1
1247,712,1,1
1248,712,1,1
1249,712,1,1
1250,712,1,1
1251,712,1,1
1252,712,1,1
1253,712,1,1
1254,712,1,1
1255,712,1,1
1260,712,1,1
1261,712,1,1
1262,712,1,1
1263,712,1,1
1265,712,1,1
938,713,1,1
959,713,1,1
991,713,1,1
1110,713,1,1
1147,713,1,1
1242,713,1,1
1244,713,1,1
1245,713,1,1
1257,713,1,1
1258,713,1,1
1259,713,1,1
1266,713,1,1
1267,713,1,1
938,714,1,1
991,714,1,1
1110,714,1,1
1240,714,1,1
1241,714,1,1
1242,714,1,1
939,715,1,1
961,715,1,1
990,715,1,1
1111,715,1,1
1238,715,1,1
1239,715,1,1
963,716,1,1
964,716,1,1
965,716,1,1
966,716,1,1
967,716,1,1
968,716,1,1
969,716,1,1
970,716,1,1
971,716,1,1
972,716,1,1
973,716,1,1
974,716,1,1
975,716,1,1
976,716,1,1
977,716,1,1
978,716,1,1
979,716,1,1
980,716,1,1
981,716,1,1
982,716,1,1
983,716,1,1
984,716,1,1
985,716,1,1
986,716,1,1
987,716,1,1
988,716,1,1
989,716,1,1
1235,716,1,1
1236,716,1,1
1237,716,1,1
941,717,1,1
1234,717,1,1
1235,717,1,1
1230,718,1,1
1231,718,1,1
1232,718,1,1
1233,718,1,1
1438,718,1,1
1439,718,1,1
1440,718,1,1
1441,718,1,1
1442,718,1,1
1443,718,1,1
1444,718,1,1
1445,718,1,1
1446,718,1,1
1447,718,1,1
1448,718,1,1
1449,718,1,1
1450,718,1,1
1451,718,1,1
1452,718,1,1
1453,718,1,1
1454,718,1,1
1455,718,1,1
1456,718,1,1
1457,718,1,1
1458,718,1,1
1459,718,1,1
1460,718,1,1
1461,718,1,1
1462,718,1,1
1463,718,1,1
1464,718,1,1
1465,718,1,1
1470,718,1,1
1471,718,1,1
1472,718,1,1
1473,718,1,1
1474,718,1,1
1475,718,1,1
1476,718,1,1
1477,718,1,1
1478,718,1,1
1479,718,1,1
1480,718,1,1
1481,718,1,1
1482,718,1,1
1483,718,1,1
1484,718,1,1
1485,718,1,1
944,719,1,1
1230,719,1,1
1438,719,1,1
1439,719,1,1
1465,719,1,1
1470,719,1,1
1471,719,1,1
1485,719,1,1
1228,720,1,1
1229,720,1,1
1438,720,1,1
1470,720,1,1
946,721,1,1
1228,721,1,1
1438,721,1,1
1470,721,1,1
1228,722,1,1
1438,722,1,1
1470,722,1,1
950,723,1,1
1228,723,1,1
1438,723,1,1
1470,723,1,1
824,724,1,1
825,724,1,1
1228,724,1,1
1438,724,1,1
1470,724,1,1
1228,725,1,1
1438,725,1,1
1470,725,1,1
954,726,1,1
1228,726,1,1
1438,726,1,1
1470,726,1,1
1228,727,1,1
1438,727,1,1
1470,727,1,1
956,728,1,1
1228,728,1,1
1438,728,1,1
1470,728,1,1
1003,729,1,1
1228,729,1,1
1438,729,1,1
1470,729,1,1
1228,730,1,1
1438,730,1,1
1470,730,1,1
1228,731,1,1
1267,731,1,1
1438,731,1,1
1470,731,1,1
829,732,1,1
1228,732,1,1
1438,732,1,1
1470,732,1,1
1537,732,1,1
829,733,1,1
1228,733,1,1
1229,733,1,1
1438,733,1,1
1470,733,1,1
826,734,1,1
827,734,1,1
839,734,1,1
1438,734,1,1
1470,734,1,1
1535,734,1,1
826,735,1,1
827,735,1,1
838,735,1,1
839,735,1,1
1231,735,1,1
1438,735,1,1
1439,735,1,1
1465,735,1,1
1470,735,1,1
1470,736,1,1
824,737,1,1
1470,737,1,1
1470,738,1,1
1470,739,1,1
1470,740,1,1
1470,741,1,1
1470,742,1,1
1470,743,1,1
843,744,1,1
1470,744,1,1
1537,744,1,1
1470,745,1,1
840,746,1,1
841,746,1,1
1470,746,1,1
840,747,1,1
841,747,1,1
1470,747,1,1
812,748,1,1
813,748,1,1
839,748,1,1
1470,748,1,1
812,749,1,1
813,749,1,1
836,749,1,1
838,749,1,1
839,749,1,1
1470,749,1,1
811,750,1,1
1470,750,1,1
1470,751,1,1
1530,751,1,1
1470,752,1,1
1470,753,1,1
1470,754,1,1
1470,755,1,1
1470,756,1,1
1539,756,1,1
1470,757,1,1
1470,758,1,1
1470,759,1,1
1532,760,1,1
1533,760,1,1
1472,761,1,1
1532,761,1,1
1533,761,1,1
1287,771,1,1
1534,772,1,1
1535,772,1,1
1534,773,1,1
1535,773,1,1
1544,774,1,1
1544,775,1,1
1542,777,1,1
1568,777,1,1
1566,779,1,1
1534,784,1,1
1535,784,1,1
1560,784,1,1
1561,784,1,1
1532,786,1,1
1558,786,1,1
1559,786,1,1
1533,787,1,1
1558,787,1,1
1559,787,1,1
1313,794,1,1
1314,794,1,1
1315,794,1,1
1316,795,1,1
1317,795,1,1
1318,795,1,1
1319,795,1,1
1317,796,1,1
1318,796,1,1
1319,796,1,1
1320,796,1,1
1321,796,1,1
1304,797,1,1
1305,797,1,1
1320,797,1,1
1321,797,1,1
1304,798,1,1
1305,798,1,1
1307,798,1,1
1308,798,1,1
1309,798,1,1
1310,798,1,1
1302,800,1,1
1303,800,1,1
1313,800,1,1
1314,800,1,1
1315,800,1,1
1316,800,1,1
1317,800,1,1
1302,801,1,1
1302,802,1,1
1320,802,1,1
1321,802,1,1
1322,802,1,1
1323,802,1,1
960,803,1,1
972,803,1,1
973,803,1,1
984,803,1,1
985,803,1,1
998,803,1,1
999,803,1,1
1302,803,1,1
1324,803,1,1
958,804,1,1
959,804,1,1
971,804,1,1
972,804,1,1
973,804,1,1
984,804,1,1
985,804,1,1
1301,804,1,1
1326,804,1,1
1327,804,1,1
958,805,1,1
959,805,1,1
970,805,1,1
971,805,1,1
984,805,1,1
1294,805,1,1
1295,805,1,1
1296,805,1,1
1297,805,1,1
1298,805,1,1
1300,805,1,1
1329,805,1,1
970,806,1,1
1292,806,1,1
1293,806,1,1
1330,806,1,1
968,807,1,1
1292,807,1,1
967,808,1,1
968,808,1,1
1118,808,1,1
1119,808,1,1
1292,808,1,1
1118,809,1,1
1119,809,1,1
1121,809,1,1
1122,809,1,1
1123,809,1,1
1124,809,1,1
1292,809,1,1
965,810,1,1
966,810,1,1
1118,810,1,1
1126,810,1,1
1127,810,1,1
1128,810,1,1
1129,810,1,1
1130,810,1,1
1131,810,1,1
1132,810,1,1
1133,810,1,1
1134,810,1,1
1135,810,1,1
1136,810,1,1
1292,810,1,1
1118,811,1,1
1137,811,1,1
1292,811,1,1
977,812,1,1
989,812,1,1
1118,812,1,1
1139,812,1,1
1140,812,1,1
1141,812,1,1
1142,812,1,1
1143,812,1,1
1144,812,1,1
1145,812,1,1
1146,812,1,1
1147,812,1,1
1148,812,1,1
1149,812,1,1
1150,812,1,1
1151,812,1,1
1174,812,1,1
1175,812,1,1
1176,812,1,1
1177,812,1,1
1178,812,1,1
1179,812,1,1
1180,812,1,1
1181,812,1,1
1182,812,1,1
1183,812,1,1
1292,812,1,1
976,813,1,1
977,813,1,1
989,813,1,1
1118,813,1,1
1174,813,1,1
1183,813,1,1
1292,813,1,1
972,814,1,1
973,814,1,1
999,814,1,1
1118,814,1,1
1154,814,1,1
1155,814,1,1
1156,814,1,1
1157,814,1,1
1158,814,1,1
1159,814,1,1
1160,814,1,1
1161,814,1,1
1162,814,1,1
1163,814,1,1
1164,814,1,1
1165,814,1,1
1166,814,1,1
1167,814,1,1
1168,814,1,1
1169,814,1,1
1170,814,1,1
1171,814,1,1
1172,814,1,1
1292,814,1,1
972,815,1,1
973,815,1,1
986,815,1,1
998,815,1,1
999,815,1,1
1118,815,1,1
1292,815,1,1
1118,816,1,1
1292,816,1,1
1118,817,1,1
1292,817,1,1
1118,818,1,1
1292,818,1,1
1118,819,1,1
1292,819,1,1
1118,820,1,1
1292,820,1,1
1118,821,1,1
1292,821,1,1
1118,822,1,1
1292,822,1,1
1118,823,1,1
1292,823,1,1
1118,824,1,1
1292,824,1,1
1118,825,1,1
1292,825,1,1
1118,826,1,1
1292,826,1,1
1118,827,1,1
1292,827,1,1
1293,827,1,1
972,828,1,1
973,828,1,1
1118,828,1,1
972,829,1,1
973,829,1,1
1118,829,1,1
1119,829,1,1
970,831,1,1
1304,831,1,1
1177,832,1,1
1304,832,1,1
968,833,1,1
1177,833,1,1
1304,833,1,1
1177,834,1,1
1304,834,1,1
1177,835,1,1
1304,835,1,1
1177,836,1,1
1304,836,1,1
1304,837,1,1
1304,838,1,1
1304,839,1,1
960,840,1,1
961,840,1,1
998,840,1,1
999,840,1,1
1304,840,1,1
960,841,1,1
961,841,1,1
998,841,1,1
999,841,1,1
1304,841,1,1
1304,842,1,1
996,843,1,1
1304,843,1,1
1304,844,1,1
1304,845,1,1
1304,846,1,1
1304,847,1,1
1304,848,1,1
1304,849,1,1
1304,850,1,1
1304,851,1,1
998,852,1,1
999,852,1,1
1304,852,1,1
998,853,1,1
999,853,1,1
1304,853,1,1
972,854,1,1
984,854,1,1
985,854,1,1
1304,854,1,1
972,855,1,1
984,855,1,1
985,855,1,1
1304,855,1,1
1304,856,1,1
982,857,1,1
1304,857,1,1
1304,858,1,1
1304,859,1,1
1308,862,1,1
1319,863,1,1
975,864,1,1
972,866,1,1
972,867,1,1
973,867,1,1
985,867,1,1
970,868,1,1
970,869,1,1
968,871,1,1
965,874,1,1
974,877,1,1
975,877,1,1
974,878,1,1
975,878,1,1
1224,906,1,1
1225,906,1,1
1226,906,1,1
1227,906,1,1
1228,906,1,1
1229,906,1,1
1224,907,1,1
1064,908,1,1
1065,908,1,1
1066,908,1,1
1067,908,1,1
1068,908,1,1
1069,908,1,1
1070,908,1,1
1071,908,1,1
1072,908,1,1
1073,908,1,1
1074,908,1,1
1075,908,1,1
1076,908,1,1
1077,908,1,1
1078,908,1,1
1079,908,1,1
1080,908,1,1
1081,908,1,1
1082,908,1,1
1083,908,1,1
1084,908,1,1
1085,908,1,1
1086,908,1,1
1087,908,1,1
1088,908,1,1
1089,908,1,1
1127,908,1,1
1128,908,1,1
1129,908,1,1
1130,908,1,1
1131,908,1,1
1132,908,1,1
1133,908,1,1
1134,908,1,1
1135,908,1,1
1136,908,1,1
1137,908,1,1
1138,908,1,1
1139,908,1,1
1140,908,1,1
1141,908,1,1
1142,908,1,1
1143,908,1,1
1144,908,1,1
1145,908,1,1
1146,908,1,1
1147,908,1,1
1148,908,1,1
1149,908,1,1
1150,908,1,1
1151,908,1,1
1152,908,1,1
1153,908,1,1
1154,908,1,1
1155,908,1,1
1156,908,1,1
1157,908,1,1
1158,908,1,1
1159,908,1,1
1160,908,1,1
1161,908,1,1
1162,908,1,1
1163,908,1,1
1164,908,1,1
1165,908,1,1
1166,908,1,1
1167,908,1,1
1168,908,1,1
1169,908,1,1
1170,908,1,1
1171,908,1,1
1172,908,1,1
1173,908,1,1
1174,908,1,1
1175,908,1,1
1176,908,1,1
1177,908,1,1
1178,908,1,1
1179,908,1,1
1180,908,1,1
1181,908,1,1
1182,908,1,1
1183,908,1,1
1220,908,1,1
1221,908,1,1
1222,908,1,1
1064,909,1,1
1065,909,1,1
1089,909,1,1
1127,909,1,1
1128,909,1,1
1183,909,1,1
1220,909,1,1
1064,910,1,1
1127,910,1,1
1219,910,1,1
1064,911,1,1
1127,911,1,1
1219,911,1,1
1064,912,1,1
1127,912,1,1
1219,912,1,1
1064,913,1,1
1127,913,1,1
1219,913,1,1
739,914,1,1
740,914,1,1
758,914,1,1
759,914,1,1
1064,914,1,1
1127,914,1,1
1219,914,1,1
739,915,1,1
740,915,1,1
741,915,1,1
758,915,1,1
759,915,1,1
1064,915,1,1
1127,915,1,1
1219,915,1,1
740,916,1,1
758,916,1,1
759,916,1,1
1064,916,1,1
1127,916,1,1
1219,916,1,1
1064,917,1,1
1127,917,1,1
1219,917,1,1
1064,918,1,1
1127,918,1,1
1219,918,1,1
1064,919,1,1
1127,919,1,1
1219,919,1,1
1064,920,1,1
1127,920,1,1
1219,920,1,1
1064,921,1,1
1127,921,1,1
1219,921,1,1
1064,922,1,1
1127,922,1,1
1219,922,1,1
1064,923,1,1
1127,923,1,1
1219,923,1,1
1064,924,1,1
1127,924,1,1
1219,924,1,1
1064,925,1,1
1089,925,1,1
1127,925,1,1
1219,925,1,1
1064,926,1,1
1127,926,1,1
1128,926,1,1
1219,926,1,1
1064,927,1,1
1219,927,1,1
1064,928,1,1
1219,928,1,1
1064,929,1,1
1219,929,1,1
756,930,1,1
757,930,1,1
1064,930,1,1
1219,930,1,1
1064,931,1,1
1219,931,1,1
1064,932,1,1
1064,933,1,1
1220,933,1,1
1064,934,1,1
1220,934,1,1
1064,935,1,1
1220,935,1,1
1064,936,1,1
1220,936,1,1
1064,937,1,1
1220,937,1,1
1064,938,1,1
1220,938,1,1
1064,939,1,1
1220,939,1,1
1064,940,1,1
1220,940,1,1
1064,941,1,1
1220,941,1,1
1237,941,1,1
1238,941,1,1
1239,941,1,1
1240,941,1,1
1241,941,1,1
1242,941,1,1
1243,941,1,1
1244,941,1,1
1250,941,1,1
1251,941,1,1
1252,941,1,1
1253,941,1,1
1254,941,1,1
1255,941,1,1
1064,942,1,1
1220,942,1,1
1246,942,1,1
1247,942,1,1
1248,942,1,1
1249,942,1,1
1257,942,1,1
1258,942,1,1
1259,942,1,1
1260,942,1,1
1261,942,1,1
1262,942,1,1
1263,942,1,1
1064,943,1,1
1220,943,1,1
1263,943,1,1
759,944,1,1
1064,944,1,1
1220,944,1,1
1064,945,1,1
1220,945,1,1
1064,946,1,1
1220,946,1,1
1064,947,1,1
1220,947,1,1
1221,947,1,1
1064,948,1,1
1064,949,1,1
1064,950,1,1
1224,950,1,1
1064,951,1,1
1224,951,1,1
1064,952,1,1
1224,952,1,1
1064,953,1,1
1224,953,1,1
1064,954,1,1
1224,954,1,1
1064,955,1,1
1224,955,1,1
1064,956,1,1
1224,956,1,1
1265,956,1,1
1064,957,1,1
1224,957,1,1
1225,957,1,1
1064,958,1,1
1268,958,1,1
1269,958,1,1
1270,958,1,1
1271,958,1,1
1292,958,1,1
1293,958,1,1
1294,958,1,1
1295,958,1,1
1296,958,1,1
1297,958,1,1
1298,958,1,1
1064,959,1,1
1250,959,1,1
1292,959,1,1
1298,959,1,1
1064,960,1,1
1274,960,1,1
1275,960,1,1
1288,960,1,1
1289,960,1,1
1290,960,1,1
1064,961,1,1
1288,961,1,1
1064,962,1,1
1252,962,1,1
1278,962,1,1
1279,962,1,1
1280,962,1,1
1281,962,1,1
1282,962,1,1
1283,962,1,1
1284,962,1,1
1285,962,1,1
1286,962,1,1
1064,963,1,1
1065,963,1,1
1077,963,1,1
1252,963,1,1
1253,963,1,1
1064,1000,1,1
1065,1000,1,1
1066,1000,1,1
1067,1000,1,1
1068,1000,1,1
1069,1000,1,1
1070,1000,1,1
1071,1000,1,1
1072,1000,1,1
1073,1000,1,1
1074,1000,1,1
1075,1000,1,1
1076,1000,1,1
1080,1000,1,1
1081,1000,1,1
1082,1000,1,1
1083,1000,1,1
1084,1000,1,1
1085,1000,1,1
1086,1000,1,1
1087,1000,1,1
1088,1000,1,1
1089,1000,1,1
1090,1000,1,1
1091,1000,1,1
1092,1000,1,1
1093,1000,1,1
1094,1000,1,1
1095,1000,1,1
1096,1000,1,1
1097,1000,1,1
1098,1000,1,1
1099,1000,1,1
1100,1000,1,1
1101,1000,1,1
1102,1000,1,1
1103,1000,1,1
1104,1000,1,1
1105,1000,1,1
1106,1000,1,1
1107,1000,1,1
1108,1000,1,1
1109,1000,1,1
1110,1000,1,1
1111,1000,1,1
1112,1000,1,1
1113,1000,1,1
1114,1000,1,1
1120,1000,1,1
1121,1000,1,1
1122,1000,1,1
1123,1000,1,1
1124,1000,1,1
1125,1000,1,1
1126,1000,1,1
1127,1000,1,1
1128,1000,1,1
1129,1000,1,1
1130,1000,1,1
1131,1000,1,1
1132,1000,1,1
1133,1000,1,1
1176,1000,1,1
1177,1000,1,1
1178,1000,1,1
1179,1000,1,1
1180,1000,1,1
1181,1000,1,1
1182,1000,1,1
1183,1000,1,1
1184,1000,1,1
1185,1000,1,1
1186,1000,1,1
1187,1000,1,1
1064,1001,1,1
1065,1001,1,1
1076,1001,1,1
1082,1001,1,1
1114,1001,1,1
1120,1001,1,1
1121,1001,1,1
1133,1001,1,1
1176,1001,1,1
1177,1001,1,1
1187,1001,1,1
1064,1002,1,1
1120,1002,1,1
1176,1002,1,1
1064,1003,1,1
1082,1003,1,1
1120,1003,1,1
1176,1003,1,1
1064,1004,1,1
1082,1004,1,1
1120,1004,1,1
1176,1004,1,1
1064,1005,1,1
1082,1005,1,1
1120,1005,1,1
1176,1005,1,1
1064,1006,1,1
1082,1006,1,1
1120,1006,1,1
1176,1006,1,1
1064,1007,1,1
1082,1007,1,1
1120,1007,1,1
1176,1007,1,1
1064,1008,1,1
1082,1008,1,1
1120,1008,1,1
1176,1008,1,1
1064,1009,1,1
1082,1009,1,1
1120,1009,1,1
1176,1009,1,1
1064,1010,1,1
1082,1010,1,1
1120,1010,1,1
1176,1010,1,1
1064,1011,1,1
1082,1011,1,1
1083,1011,1,1
1114,1011,1,1
1120,1011,1,1
1176,1011,1,1
1064,1012,1,1
1120,1012,1,1
1176,1012,1,1
1064,1013,1,1
1120,1013,1,1
1176,1013,1,1
824,1014,1,1
825,1014,1,1
836,1014,1,1
837,1014,1,1
838,1014,1,1
839,1014,1,1
840,1014,1,1
841,1014,1,1
842,1014,1,1
843,1014,1,1
844,1014,1,1
845,1014,1,1
846,1014,1,1
847,1014,1,1
848,1014,1,1
849,1014,1,1
850,1014,1,1
851,1014,1,1
852,1014,1,1
853,1014,1,1
854,1014,1,1
855,1014,1,1
856,1014,1,1
857,1014,1,1
858,1014,1,1
859,1014,1,1
861,1014,1,1
862,1014,1,1
863,1014,1,1
868,1014,1,1
869,1014,1,1
1064,1014,1,1
1120,1014,1,1
1176,1014,1,1
824,1015,1,1
825,1015,1,1
836,1015,1,1
862,1015,1,1
868,1015,1,1
869,1015,1,1
1064,1015,1,1
1120,1015,1,1
1176,1015,1,1
824,1016,1,1
828,1016,1,1
829,1016,1,1
835,1016,1,1
865,1016,1,1
866,1016,1,1
1064,1016,1,1
1120,1016,1,1
1176,1016,1,1
824,1017,1,1
829,1017,1,1
834,1017,1,1
835,1017,1,1
1064,1017,1,1
1120,1017,1,1
1176,1017,1,1
824,1018,1,1
1064,1018,1,1
1120,1018,1,1
1176,1018,1,1
834,1019,1,1
1064,1019,1,1
1120,1019,1,1
1176,1019,1,1
835,1020,1,1
1064,1020,1,1
1120,1020,1,1
1176,1020,1,1
826,1021,1,1
835,1021,1,1
1064,1021,1,1
1120,1021,1,1
1176,1021,1,1
826,1022,1,1
835,1022,1,1
870,1022,1,1
1064,1022,1,1
1120,1022,1,1
1176,1022,1,1
826,1023,1,1
835,1023,1,1
1064,1023,1,1
1120,1023,1,1
1176,1023,1,1
835,1024,1,1
1064,1024,1,1
1120,1024,1,1
1176,1024,1,1
829,1025,1,1
835,1025,1,1
1064,1025,1,1
1120,1025,1,1
1176,1025,1,1
828,1026,1,1
829,1026,1,1
835,1026,1,1
1064,1026,1,1
1120,1026,1,1
1176,1026,1,1
828,1027,1,1
829,1027,1,1
835,1027,1,1
1064,1027,1,1
1120,1027,1,1
1176,1027,1,1
834,1028,1,1
835,1028,1,1
865,1028,1,1
1064,1028,1,1
1120,1028,1,1
1133,1028,1,1
1176,1028,1,1
1064,1029,1,1
1120,1029,1,1
1133,1029,1,1
1176,1029,1,1
834,1030,1,1
1064,1030,1,1
1120,1030,1,1
1176,1030,1,1
834,1031,1,1
1064,1031,1,1
1120,1031,1,1
1176,1031,1,1
834,1032,1,1
1064,1032,1,1
1120,1032,1,1
1176,1032,1,1
834,1033,1,1
1064,1033,1,1
1120,1033,1,1
1176,1033,1,1
1064,1034,1,1
1120,1034,1,1
1133,1034,1,1
1176,1034,1,1
834,1035,1,1
1064,1035,1,1
1120,1035,1,1
1176,1035,1,1
834,1036,1,1
1064,1036,1,1
1120,1036,1,1
1138,1036,1,1
1139,1036,1,1
1140,1036,1,1
1141,1036,1,1
1142,1036,1,1
1143,1036,1,1
1144,1036,1,1
1145,1036,1,1
1146,1036,1,1
1147,1036,1,1
1148,1036,1,1
1149,1036,1,1
1150,1036,1,1
1151,1036,1,1
1152,1036,1,1
1153,1036,1,1
1154,1036,1,1
1155,1036,1,1
1156,1036,1,1
1157,1036,1,1
1158,1036,1,1
1159,1036,1,1
1160,1036,1,1
1161,1036,1,1
1162,1036,1,1
1163,1036,1,1
1164,1036,1,1
1165,1036,1,1
1166,1036,1,1
1167,1036,1,1
1168,1036,1,1
1169,1036,1,1
1170,1036,1,1
1064,1037,1,1
1120,1037,1,1
1138,1037,1,1
1139,1037,1,1
1170,1037,1,1
1177,1037,1,1
835,1038,1,1
1064,1038,1,1
1120,1038,1,1
1138,1038,1,1
1177,1038,1,1
835,1039,1,1
1064,1039,1,1
1120,1039,1,1
1177,1039,1,1
1064,1040,1,1
1120,1040,1,1
1138,1040,1,1
1177,1040,1,1
836,1041,1,1
1064,1041,1,1
1120,1041,1,1
1138,1041,1,1
1177,1041,1,1
695,1042,1,1
696,1042,1,1
697,1042,1,1
836,1042,1,1
1064,1042,1,1
1120,1042,1,1
1138,1042,1,1
1177,1042,1,1
836,1043,1,1
1064,1043,1,1
1120,1043,1,1
1138,1043,1,1
1177,1043,1,1
692,1044,1,1
693,1044,1,1
694,1044,1,1
695,1044,1,1
867,1044,1,1
1064,1044,1,1
1120,1044,1,1
1138,1044,1,1
1177,1044,1,1
692,1045,1,1
693,1045,1,1
695,1045,1,1
1064,1045,1,1
1120,1045,1,1
1138,1045,1,1
1177,1045,1,1
674,1046,1,1
675,1046,1,1
687,1046,1,1
702,1046,1,1
703,1046,1,1
838,1046,1,1
1064,1046,1,1
1076,1046,1,1
1120,1046,1,1
1131,1046,1,1
1138,1046,1,1
1139,1046,1,1
1177,1046,1,1
1178,1046,1,1
674,1047,1,1
690,1047,1,1
691,1047,1,1
693,1047,1,1
702,1047,1,1
703,1047,1,1
706,1047,1,1
707,1047,1,1
708,1047,1,1
709,1047,1,1
712,1047,1,1
713,1047,1,1
714,1047,1,1
715,1047,1,1
716,1047,1,1
717,1047,1,1
838,1047,1,1
1064,1047,1,1
1065,1047,1,1
1120,1047,1,1
1186,1047,1,1
1187,1047,1,1
690,1048,1,1
691,1048,1,1
704,1048,1,1
705,1048,1,1
719,1048,1,1
728,1048,1,1
729,1048,1,1
839,1048,1,1
688,1049,1,1
689,1049,1,1
704,1049,1,1
728,1049,1,1
729,1049,1,1
688,1050,1,1
704,1050,1,1
728,1050,1,1
731,1050,1,1
840,1050,1,1
688,1051,1,1
719,1051,1,1
728,1051,1,1
729,1051,1,1
731,1051,1,1
840,1051,1,1
688,1052,1,1
694,1052,1,1
695,1052,1,1
696,1052,1,1
697,1052,1,1
698,1052,1,1
699,1052,1,1
700,1052,1,1
701,1052,1,1
702,1052,1,1
840,1052,1,1
688,1053,1,1
840,1053,1,1
688,1054,1,1
726,1054,1,1
727,1054,1,1
731,1054,1,1
732,1054,1,1
688,1055,1,1
689,1055,1,1
707,1055,1,1
726,1055,1,1
727,1055,1,1
732,1055,1,1
733,1055,1,1
520,1056,1,1
521,1056,1,1
522,1056,1,1
523,1056,1,1
524,1056,1,1
525,1056,1,1
526,1056,1,1
527,1056,1,1
528,1056,1,1
726,1056,1,1
727,1056,1,1
736,1056,1,1
842,1056,1,1
998,1056,1,1
999,1056,1,1
1000,1056,1,1
1001,1056,1,1
1002,1056,1,1
1003,1056,1,1
1004,1056,1,1
1005,1056,1,1
1006,1056,1,1
518,1057,1,1
519,1057,1,1
528,1057,1,1
736,1057,1,1
737,1057,1,1
842,1057,1,1
843,1057,1,1
867,1057,1,1
998,1057,1,1
999,1057,1,1
1006,1057,1,1
518,1058,1,1
692,1058,1,1
724,1058,1,1
725,1058,1,1
729,1058,1,1
734,1058,1,1
735,1058,1,1
739,1058,1,1
740,1058,1,1
998,1058,1,1
518,1059,1,1
692,1059,1,1
698,1059,1,1
699,1059,1,1
700,1059,1,1
724,1059,1,1
730,1059,1,1
734,1059,1,1
740,1059,1,1
998,1059,1,1
518,1060,1,1
692,1060,1,1
698,1060,1,1
699,1060,1,1
700,1060,1,1
701,1060,1,1
702,1060,1,1
703,1060,1,1
704,1060,1,1
705,1060,1,1
706,1060,1,1
707,1060,1,1
708,1060,1,1
709,1060,1,1
710,1060,1,1
711,1060,1,1
712,1060,1,1
713,1060,1,1
714,1060,1,1
715,1060,1,1
716,1060,1,1
717,1060,1,1
718,1060,1,1
719,1060,1,1
724,1060,1,1
725,1060,1,1
730,1060,1,1
731,1060,1,1
732,1060,1,1
733,1060,1,1
734,1060,1,1
998,1060,1,1
518,1061,1,1
692,1061,1,1
996,1061,1,1
997,1061,1,1
518,1062,1,1
692,1062,1,1
970,1062,1,1
971,1062,1,1
972,1062,1,1
973,1062,1,1
996,1062,1,1
997,1062,1,1
518,1063,1,1
692,1063,1,1
693,1063,1,1
699,1063,1,1
700,1063,1,1
701,1063,1,1
702,1063,1,1
703,1063,1,1
704,1063,1,1
705,1063,1,1
706,1063,1,1
707,1063,1,1
708,1063,1,1
709,1063,1,1
710,1063,1,1
711,1063,1,1
712,1063,1,1
713,1063,1,1
714,1063,1,1
715,1063,1,1
716,1063,1,1
717,1063,1,1
873,1063,1,1
874,1063,1,1
875,1063,1,1
876,1063,1,1
877,1063,1,1
878,1063,1,1
879,1063,1,1
880,1063,1,1
881,1063,1,1
884,1063,1,1
885,1063,1,1
886,1063,1,1
887,1063,1,1
888,1063,1,1
970,1063,1,1
971,1063,1,1
973,1063,1,1
1002,1063,1,1
518,1064,1,1
676,1064,1,1
677,1064,1,1
678,1064,1,1
679,1064,1,1
683,1064,1,1
871,1064,1,1
872,1064,1,1
889,1064,1,1
970,1064,1,1
1002,1064,1,1
518,1065,1,1
676,1065,1,1
677,1065,1,1
679,1065,1,1
682,1065,1,1
871,1065,1,1
970,1065,1,1
1002,1065,1,1
518,1066,1,1
676,1066,1,1
871,1066,1,1
970,1066,1,1
1002,1066,1,1
518,1067,1,1
676,1067,1,1
746,1067,1,1
871,1067,1,1
970,1067,1,1
518,1068,1,1
672,1068,1,1
673,1068,1,1
675,1068,1,1
749,1068,1,1
871,1068,1,1
970,1068,1,1
975,1068,1,1
1000,1068,1,1
1001,1068,1,1
518,1069,1,1
672,1069,1,1
673,1069,1,1
749,1069,1,1
872,1069,1,1
970,1069,1,1
976,1069,1,1
1000,1069,1,1
518,1070,1,1
672,1070,1,1
673,1070,1,1
873,1070,1,1
970,1070,1,1
978,1070,1,1
979,1070,1,1
980,1070,1,1
981,1070,1,1
982,1070,1,1
983,1070,1,1
984,1070,1,1
985,1070,1,1
986,1070,1,1
987,1070,1,1
988,1070,1,1
989,1070,1,1
990,1070,1,1
991,1070,1,1
992,1070,1,1
996,1070,1,1
997,1070,1,1
998,1070,1,1
518,1071,1,1
672,1071,1,1
673,1071,1,1
970,1071,1,1
994,1071,1,1
995,1071,1,1
518,1072,1,1
672,1072,1,1
748,1072,1,1
970,1072,1,1
518,1073,1,1
672,1073,1,1
677,1073,1,1
748,1073,1,1
518,1074,1,1
672,1074,1,1
677,1074,1,1
748,1074,1,1
971,1074,1,1
1000,1074,1,1
518,1075,1,1
672,1075,1,1
748,1075,1,1
996,1075,1,1
1003,1075,1,1
518,1076,1,1
672,1076,1,1
751,1076,1,1
972,1076,1,1
1002,1076,1,1
1003,1076,1,1
518,1077,1,1
672,1077,1,1
677,1077,1,1
751,1077,1,1
984,1077,1,1
987,1077,1,1
1002,1077,1,1
1003,1077,1,1
518,1078,1,1
672,1078,1,1
750,1078,1,1
751,1078,1,1
952,1078,1,1
953,1078,1,1
954,1078,1,1
955,1078,1,1
956,1078,1,1
957,1078,1,1
958,1078,1,1
959,1078,1,1
964,1078,1,1
965,1078,1,1
966,1078,1,1
967,1078,1,1
968,1078,1,1
969,1078,1,1
970,1078,1,1
971,1078,1,1
976,1078,1,1
977,1078,1,1
978,1078,1,1
979,1078,1,1
980,1078,1,1
981,1078,1,1
982,1078,1,1
983,1078,1,1
990,1078,1,1
991,1078,1,1
992,1078,1,1
993,1078,1,1
994,1078,1,1
995,1078,1,1
1002,1078,1,1
1003,1078,1,1
518,1079,1,1
672,1079,1,1
750,1079,1,1
751,1079,1,1
952,1079,1,1
953,1079,1,1
959,1079,1,1
964,1079,1,1
965,1079,1,1
971,1079,1,1
976,1079,1,1
977,1079,1,1
983,1079,1,1
990,1079,1,1
991,1079,1,1
994,1079,1,1
1002,1079,1,1
1003,1079,1,1
518,1080,1,1
672,1080,1,1
751,1080,1,1
990,1080,1,1
1000,1080,1,1
1001,1080,1,1
518,1081,1,1
672,1081,1,1
675,1081,1,1
751,1081,1,1
1000,1081,1,1
1001,1081,1,1
518,1082,1,1
672,1082,1,1
675,1082,1,1
748,1082,1,1
751,1082,1,1
948,1082,1,1
949,1082,1,1
950,1082,1,1
951,1082,1,1
960,1082,1,1
961,1082,1,1
962,1082,1,1
963,1082,1,1
972,1082,1,1
973,1082,1,1
974,1082,1,1
975,1082,1,1
976,1082,1,1
984,1082,1,1
985,1082,1,1
986,1082,1,1
987,1082,1,1
988,1082,1,1
996,1082,1,1
997,1082,1,1
998,1082,1,1
518,1083,1,1
672,1083,1,1
675,1083,1,1
748,1083,1,1
751,1083,1,1
948,1083,1,1
949,1083,1,1
518,1084,1,1
672,1084,1,1
675,1084,1,1
748,1084,1,1
751,1084,1,1
948,1084,1,1
518,1085,1,1
672,1085,1,1
675,1085,1,1
748,1085,1,1
751,1085,1,1
948,1085,1,1
518,1086,1,1
675,1086,1,1
748,1086,1,1
751,1086,1,1
948,1086,1,1
518,1087,1,1
675,1087,1,1
748,1087,1,1
751,1087,1,1
948,1087,1,1
518,1088,1,1
675,1088,1,1
948,1088,1,1
518,1089,1,1
675,1089,1,1
948,1089,1,1
518,1090,1,1
675,1090,1,1
948,1090,1,1
518,1091,1,1
675,1091,1,1
948,1091,1,1
518,1092,1,1
531,1092,1,1
674,1092,1,1
948,1092,1,1
519,1093,1,1
674,1093,1,1
948,1093,1,1
533,1094,1,1
948,1094,1,1
520,1095,1,1
534,1095,1,1
672,1095,1,1
948,1095,1,1
536,1096,1,1
537,1096,1,1
538,1096,1,1
539,1096,1,1
540,1096,1,1
541,1096,1,1
542,1096,1,1
543,1096,1,1
544,1096,1,1
545,1096,1,1
546,1096,1,1
547,1096,1,1
548,1096,1,1
549,1096,1,1
550,1096,1,1
551,1096,1,1
552,1096,1,1
553,1096,1,1
554,1096,1,1
555,1096,1,1
556,1096,1,1
557,1096,1,1
558,1096,1,1
559,1096,1,1
560,1096,1,1
561,1096,1,1
562,1096,1,1
563,1096,1,1
564,1096,1,1
565,1096,1,1
566,1096,1,1
948,1096,1,1
522,1097,1,1
567,1097,1,1
948,1097,1,1
751,1098,1,1
948,1098,1,1
524,1099,1,1
751,1099,1,1
948,1099,1,1
750,1100,1,1
751,1100,1,1
948,1100,1,1
750,1101,1,1
751,1101,1,1
948,1101,1,1
750,1102,1,1
751,1102,1,1
948,1102,1,1
528,1103,1,1
750,1103,1,1
751,1103,1,1
948,1103,1,1
750,1104,1,1
948,1104,1,1
530,1105,1,1
750,1105,1,1
948,1105,1,1
750,1106,1,1
948,1106,1,1
532,1107,1,1
750,1107,1,1
948,1107,1,1
750,1108,1,1
948,1108,1,1
750,1109,1,1
948,1109,1,1
750,1110,1,1
948,1110,1,1
750,1111,1,1
948,1111,1,1
750,1112,1,1
755,1112,1,1
948,1112,1,1
750,1113,1,1
755,1113,1,1
948,1113,1,1
750,1114,1,1
755,1114,1,1
948,1114,1,1
750,1115,1,1
752,1115,1,1
755,1115,1,1
948,1115,1,1
750,1116,1,1
755,1116,1,1
948,1116,1,1
750,1117,1,1
755,1117,1,1
948,1117,1,1
252,1118,1,1
253,1118,1,1
254,1118,1,1
255,1118,1,1
256,1118,1,1
257,1118,1,1
258,1118,1,1
259,1118,1,1
260,1118,1,1
261,1118,1,1
262,1118,1,1
263,1118,1,1
264,1118,1,1
265,1118,1,1
266,1118,1,1
267,1118,1,1
268,1118,1,1
269,1118,1,1
750,1118,1,1
755,1118,1,1
948,1118,1,1
252,1119,1,1
253,1119,1,1
269,1119,1,1
750,1119,1,1
755,1119,1,1
948,1119,1,1
252,1120,1,1
750,1120,1,1
754,1120,1,1
755,1120,1,1
948,1120,1,1
252,1121,1,1
750,1121,1,1
754,1121,1,1
755,1121,1,1
948,1121,1,1
252,1122,1,1
750,1122,1,1
754,1122,1,1
755,1122,1,1
948,1122,1,1
252,1123,1,1
253,1123,1,1
269,1123,1,1
750,1123,1,1
754,1123,1,1
755,1123,1,1
948,1123,1,1
750,1124,1,1
754,1124,1,1
755,1124,1,1
948,1124,1,1
750,1125,1,1
754,1125,1,1
755,1125,1,1
948,1125,1,1
750,1126,1,1
754,1126,1,1
755,1126,1,1
948,1126,1,1
750,1127,1,1
754,1127,1,1
755,1127,1,1
948,1127,1,1
750,1128,1,1
754,1128,1,1
755,1128,1,1
948,1128,1,1
750,1129,1,1
754,1129,1,1
755,1129,1,1
948,1129,1,1
750,1130,1,1
754,1130,1,1
755,1130,1,1
948,1130,1,1
750,1131,1,1
754,1131,1,1
755,1131,1,1
948,1131,1,1
750,1132,1,1
751,1132,1,1
753,1132,1,1
948,1132,1,1
750,1133,1,1
751,1133,1,1
948,1133,1,1
750,1134,1,1
751,1134,1,1
948,1134,1,1
750,1135,1,1
751,1135,1,1
948,1135,1,1
434,1136,1,1
435,1136,1,1
436,1136,1,1
437,1136,1,1
438,1136,1,1
439,1136,1,1
440,1136,1,1
441,1136,1,1
442,1136,1,1
443,1136,1,1
750,1136,1,1
948,1136,1,1
434,1137,1,1
435,1137,1,1
443,1137,1,1
750,1137,1,1
948,1137,1,1
434,1138,1,1
750,1138,1,1
948,1138,1,1
434,1139,1,1
750,1139,1,1
948,1139,1,1
434,1140,1,1
750,1140,1,1
948,1140,1,1
434,1141,1,1
750,1141,1,1
751,1141,1,1
755,1141,1,1
948,1141,1,1
434,1142,1,1
678,1142,1,1
679,1142,1,1
750,1142,1,1
754,1142,1,1
755,1142,1,1
948,1142,1,1
434,1143,1,1
750,1143,1,1
754,1143,1,1
755,1143,1,1
948,1143,1,1
434,1144,1,1
444,1144,1,1
678,1144,1,1
679,1144,1,1
750,1144,1,1
754,1144,1,1
755,1144,1,1
948,1144,1,1
435,1145,1,1
678,1145,1,1
679,1145,1,1
750,1145,1,1
754,1145,1,1
755,1145,1,1
948,1145,1,1
676,1146,1,1
677,1146,1,1
750,1146,1,1
754,1146,1,1
755,1146,1,1
948,1146,1,1
676,1147,1,1
677,1147,1,1
750,1147,1,1
754,1147,1,1
755,1147,1,1
948,1147,1,1
750,1148,1,1
754,1148,1,1
755,1148,1,1
948,1148,1,1
678,1149,1,1
679,1149,1,1
750,1149,1,1
754,1149,1,1
755,1149,1,1
948,1149,1,1
679,1150,1,1
750,1150,1,1
754,1150,1,1
755,1150,1,1
948,1150,1,1
306,1151,1,1
307,1151,1,1
308,1151,1,1
309,1151,1,1
310,1151,1,1
311,1151,1,1
312,1151,1,1
313,1151,1,1
314,1151,1,1
679,1151,1,1
750,1151,1,1
755,1151,1,1
948,1151,1,1
949,1151,1,1
989,1151,1,1
209,1152,1,1
210,1152,1,1
211,1152,1,1
212,1152,1,1
213,1152,1,1
214,1152,1,1
215,1152,1,1
216,1152,1,1
217,1152,1,1
306,1152,1,1
307,1152,1,1
315,1152,1,1
678,1152,1,1
679,1152,1,1
750,1152,1,1
752,1152,1,1
753,1152,1,1
208,1153,1,1
209,1153,1,1
218,1153,1,1
306,1153,1,1
678,1153,1,1
679,1153,1,1
750,1153,1,1
208,1154,1,1
306,1154,1,1
678,1154,1,1
679,1154,1,1
750,1154,1,1
306,1155,1,1
674,1155,1,1
678,1155,1,1
679,1155,1,1
750,1155,1,1
209,1156,1,1
306,1156,1,1
674,1156,1,1
678,1156,1,1
679,1156,1,1
750,1156,1,1
209,1157,1,1
306,1157,1,1
674,1157,1,1
678,1157,1,1
679,1157,1,1
750,1157,1,1
753,1157,1,1
209,1158,1,1
306,1158,1,1
674,1158,1,1
675,1158,1,1
678,1158,1,1
679,1158,1,1
750,1158,1,1
753,1158,1,1
209,1159,1,1
306,1159,1,1
675,1159,1,1
679,1159,1,1
750,1159,1,1
753,1159,1,1
209,1160,1,1
306,1160,1,1
675,1160,1,1
676,1160,1,1
750,1160,1,1
753,1160,1,1
209,1161,1,1
306,1161,1,1
675,1161,1,1
676,1161,1,1
750,1161,1,1
753,1161,1,1
209,1162,1,1
306,1162,1,1
750,1162,1,1
753,1162,1,1
209,1163,1,1
306,1163,1,1
679,1163,1,1
750,1163,1,1
753,1163,1,1
209,1164,1,1
306,1164,1,1
678,1164,1,1
679,1164,1,1
750,1164,1,1
753,1164,1,1
209,1165,1,1
306,1165,1,1
678,1165,1,1
679,1165,1,1
750,1165,1,1
753,1165,1,1
209,1166,1,1
306,1166,1,1
675,1166,1,1
678,1166,1,1
679,1166,1,1
750,1166,1,1
753,1166,1,1
209,1167,1,1
306,1167,1,1
675,1167,1,1
678,1167,1,1
679,1167,1,1
750,1167,1,1
753,1167,1,1
209,1168,1,1
306,1168,1,1
675,1168,1,1
678,1168,1,1
679,1168,1,1
750,1168,1,1
755,1168,1,1
209,1169,1,1
306,1169,1,1
675,1169,1,1
678,1169,1,1
679,1169,1,1
750,1169,1,1
209,1170,1,1
306,1170,1,1
675,1170,1,1
678,1170,1,1
679,1170,1,1
208,1171,1,1
306,1171,1,1
675,1171,1,1
678,1171,1,1
679,1171,1,1
752,1171,1,1
208,1172,1,1
306,1172,1,1
317,1172,1,1
678,1172,1,1
679,1172,1,1
752,1172,1,1
306,1173,1,1
678,1173,1,1
679,1173,1,1
752,1173,1,1
203,1174,1,1
204,1174,1,1
205,1174,1,1
206,1174,1,1
306,1174,1,1
320,1174,1,1
321,1174,1,1
678,1174,1,1
679,1174,1,1
202,1175,1,1
203,1175,1,1
306,1175,1,1
321,1175,1,1
678,1175,1,1
679,1175,1,1
753,1175,1,1
754,1175,1,1
203,1176,1,1
306,1176,1,1
754,1176,1,1
755,1176,1,1
203,1177,1,1
306,1177,1,1
754,1177,1,1
755,1177,1,1
203,1178,1,1
306,1178,1,1
751,1178,1,1
755,1178,1,1
203,1179,1,1
306,1179,1,1
751,1179,1,1
755,1179,1,1
203,1180,1,1
306,1180,1,1
679,1180,1,1
749,1180,1,1
750,1180,1,1
751,1180,1,1
752,1180,1,1
753,1180,1,1
203,1181,1,1
306,1181,1,1
452,1181,1,1
679,1181,1,1
680,1181,1,1
681,1181,1,1
750,1181,1,1
203,1182,1,1
306,1182,1,1
447,1182,1,1
448,1182,1,1
449,1182,1,1
450,1182,1,1
451,1182,1,1
452,1182,1,1
453,1182,1,1
454,1182,1,1
455,1182,1,1
678,1182,1,1
679,1182,1,1
748,1182,1,1
203,1183,1,1
306,1183,1,1
447,1183,1,1
455,1183,1,1
678,1183,1,1
748,1183,1,1
749,1183,1,1
750,1183,1,1
203,1184,1,1
306,1184,1,1
446,1184,1,1
676,1184,1,1
677,1184,1,1
752,1184,1,1
203,1185,1,1
306,1185,1,1
446,1185,1,1
676,1185,1,1
677,1185,1,1
679,1185,1,1
681,1185,1,1
752,1185,1,1
203,1186,1,1
306,1186,1,1
446,1186,1,1
676,1186,1,1
677,1186,1,1
680,1186,1,1
681,1186,1,1
682,1186,1,1
683,1186,1,1
750,1186,1,1
751,1186,1,1
203,1187,1,1
306,1187,1,1
446,1187,1,1
676,1187,1,1
677,1187,1,1
750,1187,1,1
751,1187,1,1
203,1188,1,1
306,1188,1,1
446,1188,1,1
676,1188,1,1
678,1188,1,1
679,1188,1,1
203,1189,1,1
306,1189,1,1
446,1189,1,1
677,1189,1,1
680,1189,1,1
746,1189,1,1
747,1189,1,1
203,1190,1,1
306,1190,1,1
446,1190,1,1
748,1190,1,1
749,1190,1,1
203,1191,1,1
306,1191,1,1
446,1191,1,1
455,1191,1,1
682,1191,1,1
683,1191,1,1
748,1191,1,1
749,1191,1,1
751,1191,1,1
203,1192,1,1
306,1192,1,1
446,1192,1,1
687,1192,1,1
203,1193,1,1
306,1193,1,1
446,1193,1,1
684,1193,1,1
203,1194,1,1
306,1194,1,1
446,1194,1,1
746,1194,1,1
747,1194,1,1
203,1195,1,1
306,1195,1,1
445,1195,1,1
686,1195,1,1
689,1195,1,1
746,1195,1,1
747,1195,1,1
203,1196,1,1
306,1196,1,1
440,1196,1,1
441,1196,1,1
442,1196,1,1
443,1196,1,1
444,1196,1,1
687,1196,1,1
739,1196,1,1
740,1196,1,1
741,1196,1,1
203,1197,1,1
306,1197,1,1
440,1197,1,1
441,1197,1,1
738,1197,1,1
740,1197,1,1
741,1197,1,1
204,1198,1,1
306,1198,1,1
440,1198,1,1
694,1198,1,1
695,1198,1,1
738,1198,1,1
741,1198,1,1
306,1199,1,1
440,1199,1,1
694,1199,1,1
695,1199,1,1
738,1199,1,1
740,1199,1,1
741,1199,1,1
306,1200,1,1
440,1200,1,1
692,1200,1,1
693,1200,1,1
698,1200,1,1
209,1201,1,1
306,1201,1,1
440,1201,1,1
692,1201,1,1
699,1201,1,1
306,1202,1,1
440,1202,1,1
666,1202,1,1
667,1202,1,1
692,1202,1,1
700,1202,1,1
701,1202,1,1
702,1202,1,1
703,1202,1,1
730,1202,1,1
731,1202,1,1
732,1202,1,1
733,1202,1,1
734,1202,1,1
735,1202,1,1
736,1202,1,1
737,1202,1,1
758,1202,1,1
759,1202,1,1
760,1202,1,1
761,1202,1,1
210,1203,1,1
306,1203,1,1
440,1203,1,1
666,1203,1,1
667,1203,1,1
669,1203,1,1
692,1203,1,1
693,1203,1,1
703,1203,1,1
730,1203,1,1
734,1203,1,1
735,1203,1,1
736,1203,1,1
737,1203,1,1
758,1203,1,1
759,1203,1,1
210,1204,1,1
306,1204,1,1
440,1204,1,1
663,1204,1,1
664,1204,1,1
721,1204,1,1
722,1204,1,1
723,1204,1,1
724,1204,1,1
725,1204,1,1
726,1204,1,1
727,1204,1,1
728,1204,1,1
729,1204,1,1
758,1204,1,1
764,1204,1,1
210,1205,1,1
306,1205,1,1
440,1205,1,1
662,1205,1,1
663,1205,1,1
698,1205,1,1
699,1205,1,1
700,1205,1,1
701,1205,1,1
728,1205,1,1
729,1205,1,1
733,1205,1,1
757,1205,1,1
765,1205,1,1
210,1206,1,1
306,1206,1,1
440,1206,1,1
661,1206,1,1
662,1206,1,1
671,1206,1,1
702,1206,1,1
704,1206,1,1
705,1206,1,1
712,1206,1,1
713,1206,1,1
718,1206,1,1
719,1206,1,1
756,1206,1,1
766,1206,1,1
210,1207,1,1
306,1207,1,1
440,1207,1,1
661,1207,1,1
702,1207,1,1
703,1207,1,1
704,1207,1,1
705,1207,1,1
708,1207,1,1
709,1207,1,1
712,1207,1,1
713,1207,1,1
718,1207,1,1
719,1207,1,1
720,1207,1,1
721,1207,1,1
722,1207,1,1
723,1207,1,1
755,1207,1,1
210,1208,1,1
306,1208,1,1
440,1208,1,1
661,1208,1,1
707,1208,1,1
710,1208,1,1
711,1208,1,1
713,1208,1,1
714,1208,1,1
715,1208,1,1
716,1208,1,1
717,1208,1,1
718,1208,1,1
719,1208,1,1
754,1208,1,1
210,1209,1,1
306,1209,1,1
440,1209,1,1
661,1209,1,1
710,1209,1,1
711,1209,1,1
753,1209,1,1
210,1210,1,1
306,1210,1,1
440,1210,1,1
661,1210,1,1
752,1210,1,1
753,1210,1,1
210,1211,1,1
306,1211,1,1
440,1211,1,1
661,1211,1,1
752,1211,1,1
210,1212,1,1
306,1212,1,1
440,1212,1,1
661,1212,1,1
677,1212,1,1
750,1212,1,1
751,1212,1,1
210,1213,1,1
306,1213,1,1
440,1213,1,1
661,1213,1,1
750,1213,1,1
210,1214,1,1
306,1214,1,1
440,1214,1,1
661,1214,1,1
680,1214,1,1
746,1214,1,1
747,1214,1,1
748,1214,1,1
210,1215,1,1
306,1215,1,1
440,1215,1,1
661,1215,1,1
681,1215,1,1
746,1215,1,1
210,1216,1,1
306,1216,1,1
440,1216,1,1
661,1216,1,1
683,1216,1,1
744,1216,1,1
745,1216,1,1
210,1217,1,1
306,1217,1,1
440,1217,1,1
661,1217,1,1
744,1217,1,1
210,1218,1,1
306,1218,1,1
440,1218,1,1
661,1218,1,1
685,1218,1,1
742,1218,1,1
743,1218,1,1
210,1219,1,1
306,1219,1,1
315,1219,1,1
440,1219,1,1
661,1219,1,1
687,1219,1,1
740,1219,1,1
741,1219,1,1
210,1220,1,1
211,1220,1,1
312,1220,1,1
440,1220,1,1
661,1220,1,1
688,1220,1,1
739,1220,1,1
740,1220,1,1
766,1220,1,1
440,1221,1,1
661,1221,1,1
691,1221,1,1
736,1221,1,1
737,1221,1,1
738,1221,1,1
440,1222,1,1
661,1222,1,1
691,1222,1,1
736,1222,1,1
737,1222,1,1
440,1223,1,1
736,1223,1,1
440,1224,1,1
662,1224,1,1
440,1225,1,1
737,1225,1,1
440,1226,1,1
453,1226,1,1
440,1227,1,1
666,1227,1,1
738,1227,1,1
440,1228,1,1
455,1228,1,1
440,1229,1,1
441,1229,1,1
672,1229,1,1
739,1229,1,1
739,1230,1,1
443,1231,1,1
444,1232,1,1
740,1232,1,1
686,1233,1,1
741,1233,1,1
743,1234,1,1
448,1236,1,1
463,1236,1,1
450,1238,1,1
465,1238,1,1
451,1239,1,1
467,1240,1,1
506,1240,1,1
507,1240,1,1
508,1240,1,1
509,1240,1,1
510,1240,1,1
511,1240,1,1
512,1240,1,1
513,1240,1,1
514,1240,1,1
515,1240,1,1
452,1241,1,1
506,1241,1,1
507,1241,1,1
515,1241,1,1
469,1242,1,1
506,1242,1,1
454,1243,1,1
506,1243,1,1
457,1245,1,1
504,1245,1,1
505,1245,1,1
458,1246,1,1
504,1246,1,1
474,1247,1,1
475,1247,1,1
476,1247,1,1
477,1247,1,1
480,1247,1,1
481,1247,1,1
482,1247,1,1
483,1247,1,1
484,1247,1,1
485,1247,1,1
486,1247,1,1
487,1247,1,1
488,1247,1,1
489,1247,1,1
490,1247,1,1
491,1247,1,1
492,1247,1,1
493,1247,1,1
494,1247,1,1
495,1247,1,1
496,1247,1,1
497,1247,1,1
498,1247,1,1
499,1247,1,1
500,1247,1,1
501,1247,1,1
502,1247,1,1
881,1249,1,1
462,1250,1,1
829,1250,1,1
878,1251,1,1
879,1251,1,1
826,1252,1,1
827,1252,1,1
878,1252,1,1
879,1252,1,1
890,1252,1,1
891,1252,1,1
464,1253,1,1
826,1253,1,1
827,1253,1,1
878,1253,1,1
879,1253,1,1
890,1253,1,1
824,1254,1,1
825,1254,1,1
887,1254,1,1
888,1254,1,1
466,1255,1,1
824,1255,1,1
825,1255,1,1
887,1255,1,1
888,1255,1,1
885,1256,1,1
886,1256,1,1
470,1257,1,1
499,1257,1,1
885,1257,1,1
886,1257,1,1
808,1258,1,1
883,1259,1,1
883,1260,1,1
608,1262,1,1
880,1262,1,1
881,1262,1,1
607,1263,1,1
608,1263,1,1
609,1263,1,1
604,1264,1,1
605,1264,1,1
606,1264,1,1
611,1264,1,1
815,1264,1,1
604,1265,1,1
826,1265,1,1
827,1265,1,1
852,1265,1,1
853,1265,1,1
878,1265,1,1
879,1265,1,1
600,1266,1,1
601,1266,1,1
602,1266,1,1
800,1266,1,1
801,1266,1,1
812,1266,1,1
813,1266,1,1
826,1266,1,1
827,1266,1,1
600,1267,1,1
800,1267,1,1
812,1267,1,1
813,1267,1,1
826,1267,1,1
827,1267,1,1
598,1268,1,1
599,1268,1,1
613,1268,1,1
810,1268,1,1
598,1269,1,1
810,1269,1,1
811,1269,1,1
824,1269,1,1
598,1270,1,1
598,1271,1,1
808,1271,1,1
821,1271,1,1
598,1272,1,1
615,1272,1,1
906,1273,1,1
907,1273,1,1
600,1275,1,1
600,1276,1,1
617,1276,1,1
600,1277,1,1
602,1279,1,1
603,1281,1,1
620,1281,1,1
605,1284,1,1
605,1285,1,1
622,1285,1,1
606,1286,1,1
607,1288,1,1
625,1289,1,1
608,1290,1,1
609,1291,1,1
786,1292,1,1
787,1292,1,1
610,1293,1,1
786,1293,1,1
787,1293,1,1
610,1294,1,1
784,1294,1,1
610,1295,1,1
625,1295,1,1
784,1295,1,1
785,1295,1,1
612,1298,1,1
613,1299,1,1
614,1300,1,1
979,1302,1,1
775,1304,1,1
977,1304,1,1
989,1304,1,1
977,1305,1,1
772,1306,1,1
773,1306,1,1
974,1306,1,1
975,1306,1,1
986,1306,1,1
987,1306,1,1
772,1307,1,1
773,1307,1,1
974,1307,1,1
975,1307,1,1
986,1307,1,1
987,1307,1,1
770,1308,1,1
972,1308,1,1
973,1308,1,1
984,1308,1,1
985,1308,1,1
770,1309,1,1
771,1309,1,1
972,1309,1,1
973,1309,1,1
984,1309,1,1
985,1309,1,1
970,1311,1,1
982,1311,1,1
968,1313,1,1
965,1316,1,1
977,1316,1,1
977,1317,1,1
760,1318,1,1
761,1318,1,1
963,1318,1,1
974,1318,1,1
975,1318,1,1
976,1318,1,1
977,1318,1,1
760,1319,1,1
974,1319,1,1
975,1319,1,1
758,1320,1,1
759,1320,1,1
960,1320,1,1
961,1320,1,1
972,1320,1,1
973,1320,1,1
758,1321,1,1
759,1321,1,1
960,1321,1,1
961,1321,1,1
972,1321,1,1
973,1321,1,1
975,1321,1,1
987,1321,1,1
971,1322,1,1
972,1322,1,1
756,1323,1,1
970,1323,1,1
971,1323,1,1
984,1323,1,1
970,1324,1,1
971,1324,1,1
982,1324,1,1
970,1325,1,1
982,1325,1,1
967,1326,1,1
966,1327,1,1
980,1327,1,1
965,1328,1,1
966,1328,1,1
979,1328,1,1
966,1329,1,1
978,1329,1,1
989,1329,1,1
963,1330,1,1
964,1330,1,1
976,1330,1,1
977,1330,1,1
988,1330,1,1
989,1330,1,1
963,1331,1,1
976,1331,1,1
988,1331,1,1
989,1331,1,1
960,1332,1,1
961,1332,1,1
962,1332,1,1
963,1332,1,1
974,1332,1,1
975,1332,1,1
986,1332,1,1
987,1332,1,1
960,1333,1,1
961,1333,1,1
962,1333,1,1
974,1333,1,1
975,1333,1,1
986,1333,1,1
987,1333,1,1
770,1334,1,1
782,1334,1,1
783,1334,1,1
972,1334,1,1
973,1334,1,1
984,1334,1,1
985,1334,1,1
770,1335,1,1
782,1335,1,1
783,1335,1,1
972,1335,1,1
973,1335,1,1
984,1335,1,1
985,1335,1,1
970,1336,1,1
971,1336,1,1
982,1336,1,1
983,1336,1,1
970,1337,1,1
971,1337,1,1
982,1337,1,1
983,1337,1,1
981,1338,1,1
968,1339,1,1
978,1341,1,1
975,1343,1,1
974,1344,1,1
975,1344,1,1
975,1345,1,1
972,1346,1,1
973,1346,1,1
972,1347,1,1
973,1347,1,1
784,1358,1,1
782,1361,1,1
383,1379,1,1
384,1379,1,1
385,1379,1,1
386,1379,1,1
387,1379,1,1
390,1379,1,1
391,1379,1,1
382,1380,1,1
383,1380,1,1
391,1380,1,1
382,1381,1,1
382,1382,1,1
382,1383,1,1
382,1384,1,1
382,1385,1,1
382,1386,1,1
382,1387,1,1
384,1389,1,1
385,1389,1,1
388,1389,1,1
391,1389,1,1
826,1428,1,1
827,1428,1,1
826,1429,1,1
827,1429,1,1
824,1431,1,1
843,1438,1,1
840,1440,1,1
841,1440,1,1
840,1441,1,1
841,1441,1,1
838,1443,1,1
839,1443,1,1
836,1445,1,1
834,1447,1,1
843,1450,1,1
844,1450,1,1
845,1450,1,1
840,1452,1,1
841,1452,1,1
842,1452,1,1
840,1453,1,1
841,1453,1,1
838,1454,1,1
839,1454,1,1
852,1454,1,1
853,1454,1,1
838,1455,1,1
839,1455,1,1
841,1455,1,1
852,1455,1,1
853,1455,1,1
838,1456,1,1
850,1456,1,1
851,1456,1,1
838,1457,1,1
839,1457,1,1
849,1457,1,1
850,1457,1,1
851,1457,1,1
848,1458,1,1
849,1458,1,1
847,1460,1,1
857,1462,1,1
843,1463,1,1
842,1464,1,1
843,1464,1,1
854,1464,1,1
855,1464,1,1
854,1465,1,1
855,1465,1,1
852,1466,1,1
853,1466,1,1
852,1467,1,1
853,1467,1,1
