774,111,63,1
774,112,1,37
836,112,1,36
624,137,1,3
683,137,1,2
625,138,58,1
684,138,2,1
623,139,1,37
685,139,1,37
426,141,48,1
426,142,1,22
473,142,2,1
474,143,1,21
507,146,13,1
507,147,1,2
519,147,1,2
835,147,1,3
506,148,1,19
520,148,16,1
775,148,2,1
535,149,3,1
776,149,59,1
537,150,7,1
394,151,1,2
543,151,1,5
392,152,2,1
395,152,1,3
385,153,8,1
382,154,4,1
396,154,1,5
379,155,4,1
542,155,1,10
370,156,10,1
370,157,1,2
359,158,11,1
397,158,1,7
359,159,1,2
348,160,11,1
348,161,1,3
349,163,1,5
427,163,47,1
398,164,2,1
541,164,1,6
399,165,1,11
507,166,11,1
350,167,1,4
517,167,4,1
520,168,13,1
532,169,5,1
540,169,1,2
351,170,1,9
536,170,4,1
539,171,1,1
622,174,1,2
388,175,11,1
624,175,61,1
387,176,2,1
379,177,9,1
352,178,1,4
375,178,5,1
371,179,5,1
364,180,8,1
353,181,1,3
362,181,3,1
355,182,8,1
354,183,2,1
867,191,9,1
866,192,2,1
875,192,60,1
866,193,1,38
934,193,2,1
935,194,1,36
15,224,53,1
15,225,1,28
31,225,1,2
36,225,30,1
67,225,1,1
23,226,8,1
23,227,1,2
24,228,25,1
43,229,8,1
891,229,8,1
900,229,21,1
927,229,8,1
43,230,1,3
867,230,25,1
894,230,2,1
898,230,3,1
920,230,8,1
930,230,2,1
44,232,14,1
62,232,6,1
57,233,1,5
62,233,2,1
65,233,1,3
67,233,1,28
62,234,2,1
62,235,3,1
60,236,3,1
58,237,3,1
14,252,1,8
252,256,6,1
244,257,9,1
257,257,1,3
240,258,5,1
15,259,2,1
232,259,9,1
258,259,1,8
16,260,51,1
225,260,8,1
218,261,8,1
208,262,11,1
206,263,3,1
205,264,2,1
205,265,1,5
259,266,1,5
811,266,5,1
810,267,2,1
814,267,1,2
808,268,3,1
815,268,1,14
206,269,1,6
808,269,1,2
260,270,1,10
807,270,1,2
805,271,2,1
803,272,3,1
799,273,5,1
207,274,1,10
796,274,4,1
793,275,4,1
790,276,4,1
790,277,1,2
783,278,7,1
255,279,5,1
783,279,1,2
255,280,1,2
769,280,14,1
239,281,16,1
768,281,2,1
809,281,6,1
239,282,1,2
753,282,16,1
808,282,2,1
208,283,1,4
227,283,12,1
746,283,8,1
807,283,2,1
222,284,6,1
746,284,1,16
806,284,2,1
215,285,8,1
806,285,1,7
209,286,7,1
745,286,1,1
807,291,1,2
808,292,1,3
818,292,22,1
818,293,1,2
839,293,1,17
809,294,9,1
743,299,3,1
737,300,7,1
736,301,2,1
734,302,3,1
734,303,1,2
725,304,9,1
725,305,1,15
832,309,7,1
831,310,2,1
151,311,1,3
830,311,2,1
152,312,2,1
829,312,2,1
150,313,1,3
153,313,5,1
829,313,1,4
157,314,3,1
149,315,1,2
159,315,1,2
148,316,1,5
160,316,4,1
803,316,12,1
830,316,1,5
163,317,1,2
801,317,3,1
814,317,1,9
164,318,4,1
801,318,1,16
167,319,2,1
726,319,1,7
771,319,14,1
146,320,2,1
168,320,6,1
771,320,1,16
784,320,1,3
831,320,1,4
146,321,1,4
173,321,1,3
743,321,12,1
742,322,2,1
754,322,2,1
785,322,1,2
171,323,2,1
741,323,2,1
755,323,1,5
786,323,1,13
830,323,1,8
145,324,1,2
171,324,1,3
740,324,2,1
144,325,1,6
727,325,1,15
740,325,1,4
815,325,1,3
170,326,1,2
169,327,1,4
756,327,1,10
816,327,1,3
741,328,1,10
817,329,1,7
142,330,2,1
168,330,1,4
831,330,1,13
142,331,1,2
141,332,1,3
166,333,2,1
794,333,7,1
140,334,1,3
166,334,1,4
742,334,1,2
794,334,1,2
765,335,6,1
787,335,7,1
818,335,1,7
139,336,1,4
757,336,1,2
764,336,2,1
788,336,2,1
165,337,1,2
737,337,4,1
758,337,1,3
760,337,5,1
164,338,1,3
735,338,3,1
759,338,2,1
138,339,1,3
728,339,1,4
731,339,5,1
759,339,1,1
163,340,1,5
729,340,3,1
733,340,1,1
137,341,1,4
727,341,1,1
729,341,1,1
819,341,1,2
820,342,11,1
136,344,1,3
161,344,2,1
161,345,1,5
134,346,2,1
134,347,1,5
159,349,2,1
159,350,1,5
132,351,2,1
132,352,1,5
157,354,2,1
157,355,1,3
130,356,2,1
130,357,1,5
156,357,1,3
155,359,1,3
131,361,4,1
154,361,1,3
134,362,2,1
135,363,5,1
153,363,1,3
139,364,2,1
140,365,3,1
152,365,1,3
142,366,4,1
145,367,2,1
151,367,1,3
146,368,4,1
149,369,2,1
146,412,4,1
145,413,2,1
149,413,1,24
134,414,12,1
1264,414,6,1
134,415,1,2
1264,415,1,5
1269,415,1,3
128,416,6,1
126,417,3,1
1267,417,2,1
1274,417,1,2
1276,417,14,1
1293,417,4,1
125,418,2,1
1267,418,1,2
1271,418,3,1
1275,418,2,1
1289,418,5,1
1295,418,2,1
125,419,1,18
1265,419,1,3
1268,419,2,1
1272,419,1,2
1289,419,1,2
1292,419,1,2
1295,419,1,6
1269,420,3,1
1290,420,2,1
1266,421,1,4
1264,424,2,1
1296,424,1,3
1264,425,1,29
1297,426,1,6
1295,431,2,1
1295,432,1,3
1291,434,4,1
1291,435,1,5
124,436,1,6
148,436,1,3
147,438,1,12
1290,439,1,4
123,441,1,5
1291,442,1,4
122,445,1,5
1271,445,20,1
1585,445,1,1
1269,446,3,1
1582,446,2,1
1595,446,1,1
1607,446,2,1
1683,446,1,3
1696,446,1,1
1269,447,1,3
1582,447,1,2
1594,447,1,1
1682,447,1,2
1694,447,1,2
1581,448,1,1
1593,448,1,1
1605,448,1,1
1669,448,1,2
1720,448,1,1
120,449,2,1
145,449,2,1
1267,449,2,1
1580,449,1,1
1668,449,1,2
1680,449,2,1
120,450,1,8
145,450,1,8
1267,450,1,4
1579,450,1,1
1591,450,2,1
1604,450,1,1
1666,450,2,1
1680,450,2,1
1692,450,2,1
1718,450,2,1
1591,451,2,1
1603,451,1,1
1666,451,2,1
1692,451,2,1
1268,452,1,2
1577,452,1,2
1588,452,2,1
1600,452,3,1
1614,452,2,1
1678,452,2,1
1690,452,2,1
1265,453,2,1
1588,453,2,1
1600,453,3,1
1614,453,2,1
1678,453,2,1
1690,453,2,1
1113,454,44,1
1363,454,44,1
1561,454,1,2
1575,454,1,2
1586,454,2,1
1598,454,4,1
1675,454,2,1
1687,454,2,1
1713,454,1,1
1114,455,1,16
1156,455,1,2
1362,455,2,1
1406,455,1,13
1560,455,1,1
1586,455,2,1
1598,455,4,1
1675,455,2,1
1688,455,1,1
1113,456,1,2
1157,456,1,7
1362,456,1,12
118,457,2,1
144,457,1,2
1584,457,2,1
1685,457,1,1
1711,457,1,1
118,458,1,5
143,458,1,5
1113,460,1,1
1720,460,1,1
117,462,1,2
142,462,1,4
1156,462,1,2
116,463,1,4
1147,463,9,1
1113,464,1,2
1146,464,2,1
1716,464,1,1
141,465,1,3
1145,465,2,1
115,466,1,3
1145,466,1,4
1563,466,1,2
140,467,1,3
1363,467,1,2
1381,467,5,1
1387,467,19,1
114,468,1,2
1364,468,3,1
1371,468,11,1
1385,468,3,1
113,469,1,3
139,469,1,3
1115,469,30,1
1364,469,1,1
1366,469,6,1
1113,470,1,14
1115,470,1,14
112,471,1,3
138,471,1,4
111,473,1,3
137,474,1,3
110,475,1,2
108,476,2,1
136,476,1,2
108,477,1,7
135,477,1,5
106,480,2,1
106,481,2,1
133,481,2,1
133,482,1,4
109,483,3,1
1114,483,1,2
111,484,2,1
112,485,1,2
131,485,2,1
113,486,2,1
131,486,1,3
1720,486,2,1
114,487,2,1
1718,487,2,1
115,488,2,1
130,488,1,2
1718,488,2,1
116,489,3,1
129,489,1,2
118,490,1,2
128,490,1,2
1716,490,1,2
119,491,2,1
127,491,1,3
1564,491,1,1
120,492,1,2
1713,492,2,1
121,493,3,1
126,493,1,3
1713,493,2,1
123,494,1,2
1711,494,2,1
124,495,2,1
1711,495,2,1
1688,528,1,1
1690,528,1,1
1675,530,1,1
1688,530,2,1
1714,530,1,1
1685,532,2,1
1711,532,1,2
1685,533,2,1
1571,534,1,2
1683,534,2,1
1709,534,1,2
1683,535,2,1
1694,536,2,1
1680,537,2,1
1694,537,2,1
1706,537,2,1
1680,538,2,1
233,539,1,2
1692,539,1,1
230,540,3,1
234,540,1,4
1678,540,1,2
226,541,5,1
1679,541,1,1
1690,541,1,1
224,542,3,1
222,543,3,1
235,543,1,2
216,544,7,1
236,544,1,5
216,545,1,2
210,546,6,1
1697,546,1,2
210,547,1,2
205,548,5,1
237,548,1,4
204,549,2,1
202,550,3,1
198,551,5,1
238,551,2,1
196,552,3,1
239,552,1,7
192,553,5,1
190,554,3,1
188,555,3,1
92,556,10,1
184,556,5,1
92,557,1,2
101,557,3,1
184,557,1,5
90,558,2,1
103,558,15,1
240,558,2,1
1572,558,2,1
90,559,1,13
116,559,1,2
241,559,1,3
1572,559,2,1
1585,559,1,1
117,560,16,1
185,560,2,1
1570,560,1,2
1582,560,1,2
131,561,1,2
186,561,1,6
236,561,5,1
132,562,11,1
236,562,1,2
142,563,2,1
231,563,5,1
143,564,1,6
230,564,2,1
227,565,4,1
1603,565,1,1
187,566,2,1
224,566,4,1
188,567,1,5
221,567,4,1
218,568,4,1
1574,568,1,1
1613,568,1,1
142,569,1,7
217,569,2,1
211,570,7,1
89,571,1,4
189,571,1,3
211,571,1,3
214,571,1,1
1560,571,2,1
1572,571,2,1
190,573,2,1
203,573,8,1
88,574,1,4
191,574,1,4
203,574,1,2
141,575,1,5
198,575,5,1
197,576,2,1
89,577,1,2
192,577,6,1
90,578,3,1
192,578,1,1
92,579,7,1
140,579,1,7
98,580,10,1
107,581,6,1
112,582,9,1
120,583,4,1
123,584,7,1
132,584,3,1
129,585,4,1
134,585,6,1
139,586,1,2
1553,602,1,1
1640,602,2,1
1575,605,1,1
1638,605,2,1
1549,607,1,1
1560,607,1,2
1535,608,1,1
1561,608,1,1
1572,608,2,1
892,610,54,1
970,610,34,1
1532,610,2,1
1558,610,2,1
1570,610,1,1
1634,610,1,1
891,611,2,1
945,611,1,11
970,611,1,12
1003,611,1,43
888,612,4,1
1530,612,1,2
888,613,1,2
885,614,3,1
1543,614,1,2
1654,614,2,1
885,615,1,2
1654,615,2,1
883,616,2,1
882,617,2,1
1652,617,2,1
880,618,3,1
880,619,1,2
878,620,2,1
778,621,3,1
876,621,3,1
899,621,46,1
776,622,3,1
780,622,2,1
875,622,2,1
895,622,5,1
944,622,1,1
971,622,20,1
776,623,1,2
781,623,1,2
874,623,2,1
893,623,3,1
990,623,2,1
774,624,2,1
782,624,2,1
873,624,2,1
893,624,1,2
991,624,1,30
1657,624,1,1
774,625,1,2
783,625,1,2
873,625,1,3
891,625,2,1
770,626,4,1
784,626,2,1
891,626,1,2
1655,626,1,2
770,627,1,2
785,627,1,3
874,627,3,1
888,627,3,1
1654,627,1,1
767,628,3,1
876,628,1,3
887,628,2,1
1652,628,2,1
767,629,1,2
786,629,2,1
885,629,3,1
1652,629,2,1
765,630,2,1
787,630,1,3
877,630,2,1
884,630,2,1
764,631,2,1
878,631,1,3
883,631,2,1
1537,631,1,1
763,632,2,1
788,632,1,2
881,632,3,1
760,633,4,1
789,633,1,3
879,633,3,1
1535,633,1,2
760,634,1,3
790,635,2,1
761,636,2,1
791,636,2,1
762,637,2,1
792,637,1,2
763,638,1,2
793,638,1,3
1530,638,1,1
764,639,2,1
765,640,1,2
794,640,1,2
1654,640,2,1
766,641,1,2
795,641,1,2
1654,641,2,1
767,642,1,3
796,642,1,4
1436,642,8,1
797,643,1,1
1435,643,2,1
1443,643,2,1
768,644,1,3
1435,644,1,2
1444,644,1,7
795,645,1,2
1434,645,1,4
1445,645,1,2
769,646,2,1
794,646,1,2
1433,646,1,2
770,647,1,2
791,647,3,1
771,648,2,1
791,648,1,2
1435,648,1,3
772,649,1,5
789,649,2,1
789,650,1,2
1436,650,1,4
1445,650,2,1
773,651,2,1
787,651,2,1
1446,651,1,2
774,652,1,4
787,652,1,2
1447,652,2,1
1654,652,2,1
783,653,4,1
992,653,11,1
1437,653,2,1
1448,653,1,3
1655,653,1,1
783,654,1,2
1438,654,1,6
1449,654,3,1
1652,654,1,1
775,655,2,1
780,655,3,1
1447,655,1,3
1449,655,3,1
776,656,1,2
780,656,1,2
777,657,3,1
1446,657,1,3
1436,659,2,1
1445,659,1,5
1435,660,2,1
1433,661,3,1
1431,662,3,1
1431,663,1,3
1444,663,1,3
1429,664,2,1
1430,665,1,1
1432,665,1,3
1443,665,1,3
1652,666,2,1
1433,667,1,5
1441,667,2,1
1652,667,2,1
1441,668,1,3
1537,668,1,2
1650,668,1,2
1536,669,1,1
1651,669,1,1
1435,670,6,1
1124,671,1,2
1434,671,2,1
1534,671,2,1
1122,672,2,1
1122,673,2,1
1122,674,3,1
1122,675,3,1
1123,676,1,1
1654,678,1,1
1111,682,46,1
1110,683,2,1
1156,683,1,2
1110,684,1,30
1155,684,1,3
991,685,13,1
991,686,1,30
1003,686,1,43
1154,686,1,6
1153,691,1,3
1152,693,1,5
1151,697,1,4
1150,700,1,4
1149,703,1,7
944,704,3,1
944,705,1,2
946,705,2,1
942,706,2,1
947,706,3,1
942,707,1,2
949,707,1,2
941,708,1,3
950,708,3,1
952,709,1,2
1124,709,9,1
1147,709,2,1
940,710,1,2
953,710,2,1
1123,710,2,1
1132,710,3,1
1147,710,1,4
1532,710,2,1
939,711,1,5
954,711,2,1
1119,711,5,1
1134,711,5,1
955,712,3,1
1117,712,3,1
1138,712,7,1
938,713,1,2
957,713,3,1
1111,713,1,2
1115,713,3,1
1144,713,3,1
1242,713,26,1
959,714,1,3
1112,714,4,1
1240,714,3,1
1267,714,1,17
940,715,1,2
990,715,1,2
1238,715,3,1
941,716,2,1
960,716,7,1
970,716,16,1
988,716,2,1
1236,716,3,1
942,717,3,1
966,717,5,1
985,717,4,1
1235,717,2,1
944,718,1,2
1231,718,5,1
1438,718,28,1
1470,718,16,1
945,719,2,1
1231,719,1,2
1438,719,1,17
1465,719,1,17
1470,719,1,41
1485,719,1,13
946,720,1,2
1229,720,2,1
947,721,4,1
1228,721,2,1
950,722,1,2
1228,722,2,1
951,723,2,1
1229,723,1,5
824,724,2,1
952,724,2,1
953,725,2,1
954,726,3,1
956,727,2,1
1228,727,1,3
957,728,46,1
1229,729,1,3
1265,730,2,1
1228,731,1,3
1261,731,5,1
1484,731,1,29
828,732,2,1
1261,732,1,2
1537,732,1,2
829,733,1,1
1229,733,5,1
1259,733,2,1
826,734,2,1
838,734,2,1
1233,734,1,2
1259,734,1,5
1534,734,2,1
826,735,2,1
838,735,2,1
1234,735,12,1
1439,735,26,1
1535,735,1,1
1245,736,3,1
1260,736,1,1
824,737,1,1
1247,737,10,1
1256,738,3,1
842,744,2,1
1537,744,1,1
817,745,1,1
815,746,1,1
840,746,2,1
840,747,2,1
812,748,2,1
838,748,2,1
1533,748,1,2
812,749,2,1
836,749,4,1
1532,749,1,1
1530,751,1,1
1539,756,1,1
1536,758,2,1
1471,759,8,1
1483,759,1,3
1478,760,3,1
1532,760,2,1
1535,760,1,1
1480,761,3,1
1532,761,2,1
1534,772,2,1
1534,773,2,1
1544,774,1,2
1542,777,1,1
1568,777,1,1
1551,782,1,1
1534,784,2,1
1560,784,2,1
1313,794,2,1
1318,795,1,2
1319,796,3,1
1304,797,2,1
1304,798,7,1
1304,799,1,4
1310,799,1,2
1303,800,1,1
1311,800,7,1
1317,801,1,2
1302,802,2,1
1318,802,4,1
972,803,2,1
1302,803,1,2
1321,803,3,1
958,804,2,1
970,804,4,1
984,804,2,1
1301,804,1,2
1323,804,4,1
958,805,2,1
970,805,2,1
984,805,1,1
1294,805,7,1
1326,805,4,1
970,806,1,1
982,806,1,1
1292,806,3,1
1329,806,2,1
968,807,1,2
1292,807,1,21
1329,807,1,3
967,808,1,1
980,808,1,1
1118,808,2,1
966,809,1,2
1118,809,5,1
1328,809,1,5
977,810,1,4
991,810,1,1
1118,810,1,19
1122,810,14,1
965,811,1,1
1135,811,2,1
989,812,1,2
1136,812,15,1
1176,812,8,1
976,813,1,1
1150,813,1,2
1176,813,1,2
1183,813,1,23
1327,813,1,2
949,814,1,1
972,814,2,1
986,814,2,1
998,814,2,1
1151,814,25,1
1326,814,1,6
972,815,3,1
986,815,2,1
998,815,2,1
1325,819,1,3
1324,821,1,3
1323,823,1,2
1322,824,1,2
1319,825,3,1
1319,826,1,37
1119,827,19,1
1163,827,6,1
1171,827,4,1
1293,827,11,1
972,828,2,1
1119,828,1,1
1132,828,1,1
1137,828,8,1
1161,828,3,1
1165,828,2,1
1168,828,1,2
1171,828,1,2
1174,828,1,2
1303,828,1,2
972,829,2,1
1144,829,18,1
1165,829,2,1
1169,829,2,1
1175,829,3,1
1304,829,1,31
1177,830,1,7
970,831,1,1
968,833,1,1
1182,835,1,2
1178,836,4,1
1000,838,2,1
960,840,2,1
998,840,2,1
960,841,2,1
998,841,2,1
992,847,1,1
998,852,2,1
998,853,2,1
972,854,2,1
984,854,2,1
972,855,2,1
984,855,2,1
996,855,1,1
982,857,1,1
1305,859,2,1
1306,860,3,1
1308,861,1,2
977,862,1,1
1309,862,10,1
974,864,2,1
972,866,2,1
984,866,2,1
972,867,2,1
985,867,1,1
970,868,1,2
968,871,1,1
965,874,1,1
975,876,1,2
1000,876,1,2
974,877,1,1
1064,908,26,1
1127,908,57,1
1220,908,10,1
1064,909,1,55
1089,909,1,17
1127,909,1,17
1183,909,1,17
1219,909,2,1
1229,909,1,14
1220,910,1,38
740,914,1,3
1230,914,1,2
758,915,1,1
1230,922,1,3
1231,924,1,3
1080,925,5,1
1087,925,2,1
1128,925,6,1
1135,925,48,1
1077,926,4,1
1084,926,4,1
1128,926,2,1
1133,926,3,1
1140,926,1,1
1178,926,2,1
1181,926,1,1
1232,926,1,14
1077,927,1,25
756,930,2,1
1233,939,1,2
1234,940,1,2
1235,941,9,1
1250,941,4,1
1255,941,1,2
1262,941,1,2
1243,942,8,1
1253,942,2,1
1256,942,6,1
1263,942,1,16
1221,947,4,1
1224,948,1,9
1076,951,1,4
1077,954,1,6
1225,956,2,1
1226,957,25,1
1264,957,2,1
1250,958,1,2
1265,958,7,1
1292,958,6,1
1076,959,1,5
1251,959,2,1
1271,959,1,2
1292,959,1,2
1297,959,1,3
1252,960,1,4
1272,960,3,1
1288,960,4,1
1274,961,1,2
1288,961,1,2
1296,961,1,2
1077,962,1,2
1275,962,13,1
1295,962,1,2
1065,963,11,1
1253,963,13,1
1289,963,6,1
1265,964,2,1
1289,964,1,2
1266,965,7,1
1285,965,4,1
1272,966,14,1
1280,967,1,1
1064,1000,13,1
1082,1000,33,1
1120,1000,12,1
1176,1000,12,1
1064,1001,1,45
1076,1001,1,31
1082,1001,1,11
1114,1001,1,10
1120,1001,1,46
1131,1001,1,35
1176,1001,1,27
1187,1001,1,46
1113,1010,1,2
1083,1011,30,1
824,1014,2,1
836,1014,2,1
824,1016,6,1
835,1016,36,1
824,1017,3,1
829,1017,1,11
835,1017,1,23
870,1017,1,5
826,1018,1,6
869,1021,1,2
863,1022,6,1
827,1023,2,1
863,1023,1,6
828,1024,1,4
1177,1027,1,13
864,1028,2,1
865,1029,1,29
1075,1031,1,11
1130,1035,1,3
1139,1036,31,1
1129,1037,1,7
1139,1037,2,1
1148,1037,22,1
1183,1037,4,1
1140,1038,1,4
1143,1038,3,1
1148,1038,1,2
1183,1038,1,4
1186,1038,1,9
836,1039,1,5
1141,1039,3,1
1145,1039,3,1
1151,1039,9,1
1178,1039,1,8
1139,1040,1,2
1141,1040,1,2
1168,1040,2,1
1074,1041,1,2
1121,1041,8,1
1168,1041,2,1
1179,1041,4,1
1066,1042,3,1
1071,1042,3,1
1121,1042,1,5
1144,1042,8,1
1180,1042,2,1
837,1043,2,1
1066,1043,1,3
1068,1043,1,3
1071,1043,1,3
1144,1043,8,1
838,1044,1,4
1067,1044,1,2
1072,1044,4,1
1122,1044,1,2
1140,1044,1,1
1152,1044,4,1
1160,1044,4,1
1180,1044,2,1
1065,1045,1,1
1069,1045,2,1
1072,1045,1,2
1075,1045,1,2
1126,1045,2,1
1154,1045,7,1
1164,1045,4,1
1179,1045,5,1
1073,1046,2,1
1180,1046,2,1
839,1047,2,1
840,1048,1,6
866,1048,1,2
841,1053,2,1
842,1054,1,3
866,1054,2,1
866,1055,2,1
520,1056,8,1
843,1056,1,2
1002,1056,5,1
518,1057,1,1
520,1057,1,28
527,1057,2,1
844,1057,21,1
998,1057,5,1
1006,1057,1,6
528,1058,1,32
998,1058,1,3
999,1060,4,1
996,1061,1,2
1002,1061,1,10
518,1062,2,1
970,1062,2,1
1005,1062,1,6
518,1063,2,1
970,1063,4,1
871,1064,19,1
970,1064,1,8
973,1064,1,7
871,1065,2,1
889,1065,1,5
872,1066,1,4
1003,1067,2,1
1003,1068,1,12
873,1069,16,1
873,1070,2,1
974,1070,19,1
998,1070,4,1
971,1071,2,1
992,1071,3,1
996,1071,4,1
972,1072,1,6
991,1072,7,1
999,1072,2,1
976,1073,8,1
987,1073,5,1
995,1073,3,1
1000,1073,3,1
975,1074,2,1
983,1074,2,1
987,1074,1,4
996,1074,1,2
1002,1074,1,2
975,1075,1,2
984,1075,1,3
974,1076,1,2
985,1076,2,1
973,1077,1,1
985,1077,1,1
953,1078,6,1
964,1078,8,1
978,1078,4,1
991,1078,3,1
953,1079,1,4
957,1079,1,2
965,1079,1,2
968,1079,3,1
978,1079,5,1
991,1079,3,1
956,1080,1,3
966,1080,1,3
968,1080,1,3
979,1080,2,1
991,1080,2,1
978,1081,3,1
991,1081,2,1
518,1082,1,2
949,1082,4,1
957,1082,9,1
969,1082,10,1
980,1082,18,1
1000,1082,2,1
948,1083,2,1
997,1083,5,1
519,1084,1,3
948,1084,1,68
1001,1084,1,6
518,1086,1,6
519,1089,2,1
529,1089,1,4
999,1089,2,1
520,1090,1,6
999,1090,1,12
530,1092,2,1
531,1093,1,2
532,1094,2,1
521,1095,2,1
533,1095,1,2
522,1096,1,2
534,1096,33,1
523,1097,2,1
566,1097,1,2
524,1098,2,1
567,1098,1,4
525,1099,2,1
526,1100,2,1
527,1101,2,1
566,1101,1,7
998,1101,1,2
528,1102,2,1
997,1102,1,6
529,1103,2,1
567,1103,1,2
530,1104,1,2
531,1105,10,1
547,1105,10,1
559,1105,4,1
532,1106,2,1
540,1106,1,2
547,1106,1,2
556,1106,1,2
559,1106,1,2
562,1106,1,2
532,1107,2,1
536,1107,4,1
541,1107,6,1
548,1107,1,1
557,1107,2,1
563,1107,3,1
996,1107,1,7
995,1113,1,5
994,1117,1,7
252,1118,18,1
252,1119,1,5
269,1119,1,5
253,1123,16,1
993,1123,1,5
992,1127,1,9
991,1135,1,5
434,1136,10,1
434,1137,1,8
443,1137,1,9
990,1139,1,2
989,1140,1,12
679,1143,1,3
435,1144,2,1
678,1144,1,1
436,1145,7,1
306,1151,2,1
310,1151,4,1
949,1151,40,1
210,1152,8,1
306,1152,5,1
313,1152,3,1
209,1153,2,1
217,1153,1,64
306,1153,1,67
315,1153,1,20
209,1154,1,2
210,1155,1,6
209,1160,1,13
208,1172,1,3
316,1172,2,1
317,1173,1,2
203,1174,5,1
318,1174,4,1
203,1175,1,19
321,1175,1,23
448,1181,7,1
447,1182,2,1
454,1182,2,1
447,1183,1,10
455,1183,1,9
451,1191,4,1
446,1192,1,4
451,1192,1,2
204,1193,1,5
450,1193,1,31
445,1195,1,2
203,1196,1,1
440,1196,5,1
205,1197,3,1
317,1197,4,1
440,1197,1,33
207,1198,1,2
317,1198,1,2
208,1199,3,1
315,1199,2,1
210,1200,1,21
315,1200,1,20
697,1201,1,1
666,1202,2,1
694,1202,2,1
759,1202,3,1
666,1203,2,1
694,1203,2,1
758,1203,2,1
761,1203,1,2
663,1204,7,1
758,1204,1,3
762,1204,2,1
662,1205,2,1
669,1205,2,1
730,1205,2,1
763,1205,3,1
662,1206,1,14
670,1206,1,2
756,1206,2,1
765,1206,2,1
671,1207,1,2
755,1207,2,1
766,1207,1,14
672,1208,1,2
754,1208,2,1
673,1209,1,2
753,1209,2,1
674,1210,1,3
753,1210,1,2
752,1211,1,2
675,1212,3,1
750,1212,2,1
677,1213,1,2
750,1213,1,2
678,1214,2,1
747,1214,3,1
679,1215,1,2
746,1215,1,2
748,1215,1,2
218,1216,1,4
661,1216,1,2
680,1216,3,1
744,1216,2,1
747,1216,1,1
682,1217,2,1
744,1217,1,2
683,1218,2,1
742,1218,2,1
211,1219,7,1
307,1219,8,1
661,1219,1,4
684,1219,3,1
740,1219,3,1
217,1220,1,1
308,1220,2,1
312,1220,2,1
686,1220,3,1
739,1220,2,1
765,1220,1,4
688,1221,4,1
736,1221,4,1
662,1222,1,3
691,1222,1,2
736,1222,2,1
766,1222,1,1
451,1223,1,4
690,1223,1,3
737,1223,1,3
764,1223,1,2
663,1224,2,1
763,1224,1,2
664,1225,5,1
689,1225,1,3
738,1225,1,3
759,1225,4,1
452,1226,2,1
668,1226,1,2
759,1226,1,2
453,1227,1,2
669,1227,5,1
688,1227,1,3
739,1227,1,3
754,1227,5,1
454,1228,2,1
673,1228,1,2
754,1228,1,2
441,1229,3,1
455,1229,1,3
674,1229,4,1
686,1229,2,1
740,1229,1,3
750,1229,4,1
443,1230,2,1
677,1230,2,1
686,1230,1,4
749,1230,2,1
444,1231,2,1
456,1231,2,1
678,1231,4,1
741,1231,1,3
747,1231,3,1
445,1232,1,2
457,1232,2,1
681,1232,2,1
745,1232,3,1
446,1233,1,2
458,1233,2,1
682,1233,4,1
742,1233,4,1
447,1234,2,1
459,1234,2,1
684,1234,1,1
743,1234,1,1
448,1235,2,1
460,1235,2,1
449,1236,2,1
461,1236,2,1
450,1237,1,2
462,1237,2,1
451,1238,2,1
463,1238,3,1
452,1239,3,1
465,1239,1,2
454,1240,1,2
466,1240,2,1
506,1240,9,1
455,1241,1,3
467,1241,1,2
506,1241,1,6
514,1241,1,2
468,1242,2,1
515,1242,1,8
456,1243,2,1
469,1243,1,2
457,1244,1,2
470,1244,1,2
458,1245,2,1
471,1245,1,2
459,1246,2,1
472,1246,1,2
505,1246,1,2
460,1247,2,1
473,1247,32,1
461,1248,2,1
462,1249,1,2
514,1249,1,2
880,1249,2,1
463,1250,2,1
503,1250,11,1
829,1250,1,1
879,1250,2,1
464,1251,1,3
501,1251,3,1
878,1251,2,1
501,1252,1,2
826,1252,2,1
878,1252,2,1
890,1252,2,1
465,1253,4,1
500,1253,1,3
826,1253,2,1
877,1253,3,1
890,1253,1,1
468,1254,1,2
812,1254,1,1
824,1254,2,1
850,1254,1,2
887,1254,2,1
469,1255,2,1
483,1255,6,1
495,1255,5,1
824,1255,2,1
887,1255,2,1
470,1256,14,1
488,1256,8,1
885,1256,2,1
885,1257,1,1
817,1262,1,1
855,1262,1,1
880,1262,2,1
892,1262,1,1
607,1263,3,1
604,1264,4,1
609,1264,2,1
814,1264,2,1
826,1264,1,2
879,1264,1,2
604,1265,1,2
610,1265,1,2
827,1265,1,1
852,1265,2,1
878,1265,1,1
600,1266,4,1
611,1266,1,3
800,1266,2,1
812,1266,2,1
600,1267,1,2
800,1267,2,1
812,1267,2,1
598,1268,2,1
612,1268,2,1
798,1268,1,1
810,1268,1,2
598,1269,1,4
613,1269,1,4
811,1269,1,1
808,1271,1,1
821,1271,1,1
599,1272,2,1
614,1272,2,1
600,1273,1,4
615,1273,1,4
601,1276,2,1
616,1276,2,1
602,1277,1,3
617,1277,1,2
618,1278,1,3
603,1279,1,3
619,1280,1,3
604,1281,2,1
810,1281,1,1
605,1282,1,3
620,1282,1,4
606,1284,1,3
621,1285,1,2
607,1286,1,2
622,1286,1,2
608,1287,1,4
623,1287,1,3
624,1289,1,2
609,1290,1,2
625,1290,1,6
610,1291,1,4
786,1292,2,1
786,1293,2,1
611,1294,1,2
784,1294,1,2
612,1295,1,4
621,1295,4,1
785,1295,1,1
620,1296,2,1
618,1297,3,1
613,1298,2,1
617,1298,2,1
614,1299,4,1
614,1300,2,1
775,1304,1,1
786,1304,1,1
989,1304,1,1
977,1305,1,1
772,1306,2,1
974,1306,2,1
986,1306,1,1
772,1307,2,1
784,1307,1,1
974,1307,2,1
987,1307,1,1
770,1308,2,1
972,1308,2,1
984,1308,2,1
770,1309,2,1
972,1309,2,1
984,1309,2,1
977,1316,1,1
760,1318,2,1
963,1318,1,1
974,1318,4,1
760,1319,2,1
974,1319,3,1
758,1320,2,1
960,1320,2,1
972,1320,4,1
986,1320,2,1
758,1321,2,1
960,1321,2,1
972,1321,4,1
986,1321,2,1
756,1322,1,1
971,1322,2,1
958,1323,1,1
970,1323,3,1
970,1324,2,1
982,1324,1,1
970,1325,1,1
967,1326,2,1
981,1326,1,1
966,1327,2,1
965,1328,3,1
966,1329,1,1
978,1329,1,1
963,1330,2,1
976,1330,1,2
988,1330,1,2
963,1331,1,3
989,1331,1,1
960,1332,3,1
974,1332,2,1
986,1332,1,2
960,1333,3,1
974,1333,2,1
770,1334,2,1
782,1334,2,1
973,1334,1,2
984,1334,2,1
770,1335,1,1
782,1335,2,1
985,1335,1,1
970,1336,2,1
982,1336,2,1
971,1337,1,1
983,1337,1,1
968,1338,1,1
981,1338,1,1
975,1343,2,1
772,1344,1,1
974,1344,1,2
975,1345,1,1
789,1353,1,1
784,1358,2,1
782,1360,1,2
384,1379,2,1
382,1380,10,1
382,1381,1,7
389,1381,1,2
390,1382,2,1
391,1383,1,5
392,1386,1,2
383,1387,8,1
384,1388,1,1
829,1426,1,1
826,1428,2,1
826,1429,2,1
824,1431,1,1
843,1438,1,1
840,1440,2,1
840,1441,2,1
838,1443,2,1
843,1450,1,2
845,1450,1,1
840,1452,3,1
840,1453,3,1
838,1454,4,1
853,1454,1,2
838,1455,4,1
852,1455,1,1
838,1456,2,1
850,1456,2,1
838,1457,2,1
849,1457,1,2
851,1457,1,1
848,1458,1,1
854,1465,2,1
853,1466,1,1
852,1467,1,1
